Region,Department,Commune_Code_INSEE,City,Number_of_Taxpayers,Average_Assets_in_Euro,Average_Tax_in_Euro,Source_File,Year
OCCITANIE,HERAULT,34003,AGDE,57.0,2121132.0,8349.0,ificom-2019.xls,2019
OCCITANIE,HERAULT,34003,AGDE,66.0,2155865.0,8598.0,ificom-2020.xlsx,2020
OCCITANIE,HERAULT,34003,AGDE,64.0,2175962.0,8893.0,ificom-2021.xlsx,2021
OCCITANIE,HERAULT,34003,AGDE,76.0,2112517.0,8321.0,ificom-2022.xlsx,2022
PROVENCE-ALPES-COTE D'AZUR,BOUCHES-DU-RHONE,13001,AIX EN PROVENCE,875.0,2192630.0,8895.0,ificom-2019.xls,2019
PROVENCE-ALPES-COTE D'AZUR,BOUCHES-DU-RHONE,13001,AIX EN PROVENCE,895.0,2285318.0,9664.0,ificom-2020.xlsx,2020
PROVENCE-ALPES-COTE D'AZUR,BOUCHES-DU-RHONE,13001,AIX EN PROVENCE,941.0,2238380.0,9219.0,ificom-2021.xlsx,2021
PROVENCE-ALPES-COTE D'AZUR,BOUCHES-DU-RHONE,13001,AIX EN PROVENCE,982.0,2318581.0,9540.0,ificom-2022.xlsx,2022
AUVERGNE-RHONE-ALPES,SAVOIE,73008,AIX-LES-BAINS,68.0,1937107.0,7006.0,ificom-2019.xls,2019
AUVERGNE-RHONE-ALPES,SAVOIE,73008,AIX-LES-BAINS,67.0,2052633.0000000002,7639.0,ificom-2020.xlsx,2020
AUVERGNE-RHONE-ALPES,SAVOIE,73008,AIX-LES-BAINS,78.0,1997463.0,7330.0,ificom-2021.xlsx,2021
AUVERGNE-RHONE-ALPES,SAVOIE,73008,AIX-LES-BAINS,91.0,2137414.0,8716.0,ificom-2022.xlsx,2022
CORSE,CORSE-DU-SUD,2A004,AJACCIO,161.0,2407402.0,11106.0,ificom-2019.xls,2019
CORSE,CORSE-DU-SUD,2A004,AJACCIO,162.0,2465626.0,11599.0,ificom-2020.xlsx,2020
CORSE,CORSE-DU-SUD,2A004,AJACCIO,185.0,2418990.0,11216.0,ificom-2021.xlsx,2021
CORSE,CORSE-DU-SUD,2A004,AJACCIO,191.0,2382146.0,10964.0,ificom-2022.xlsx,2022
OCCITANIE,TARN,81004,ALBI,65.0,1906581.0,6477.0,ificom-2019.xls,2019
OCCITANIE,TARN,81004,ALBI,62.0,1967843.0,6819.0,ificom-2020.xlsx,2020
OCCITANIE,TARN,81004,ALBI,65.0,2024403.0,7282.0,ificom-2021.xlsx,2021
OCCITANIE,TARN,81004,ALBI,65.0,2113080.0,8346.0,ificom-2022.xlsx,2022
PROVENCE-ALPES-COTE D'AZUR,BOUCHES-DU-RHONE,13002,ALLAUCH,51.0,2181350.0,10338.0,ificom-2022.xlsx,2022
LES-HAUTS-DE-FRANCE,SOMME,80021,AMIENS,160.0,2176603.0,8769.0,ificom-2019.xls,2019
LES-HAUTS-DE-FRANCE,SOMME,80021,AMIENS,165.0,2106323.0,8044.000000000001,ificom-2020.xlsx,2020
LES-HAUTS-DE-FRANCE,SOMME,80021,AMIENS,167.0,2154557.0,8469.0,ificom-2021.xlsx,2021
LES-HAUTS-DE-FRANCE,SOMME,80021,AMIENS,169.0,2190789.0,8679.0,ificom-2022.xlsx,2022
PAYS DE LA LOIRE,MAINE-ET-LOIRE,49007,ANGERS,160.0,1926256.0,6715.0,ificom-2019.xls,2019
PAYS DE LA LOIRE,MAINE-ET-LOIRE,49007,ANGERS,158.0,1947457.0,6851.0,ificom-2020.xlsx,2020
PAYS DE LA LOIRE,MAINE-ET-LOIRE,49007,ANGERS,177.0,2000162.0,7227.0,ificom-2021.xlsx,2021
PAYS DE LA LOIRE,MAINE-ET-LOIRE,49007,ANGERS,220.0,2159961.0,8320.0,ificom-2022.xlsx,2022
NOUVELLE-AQUITAINE,PYRENEES-ATLANTIQUES,64024,ANGLET,190.0,2057209.0,8322.0,ificom-2019.xls,2019
NOUVELLE-AQUITAINE,PYRENEES-ATLANTIQUES,64024,ANGLET,207.0,2066437.0,7957.0,ificom-2020.xlsx,2020
NOUVELLE-AQUITAINE,PYRENEES-ATLANTIQUES,64024,ANGLET,252.0,2152651.0,8967.0,ificom-2021.xlsx,2021
NOUVELLE-AQUITAINE,PYRENEES-ATLANTIQUES,64024,ANGLET,306.0,2099088.0,8281.0,ificom-2022.xlsx,2022
AUVERGNE-RHONE-ALPES,HAUTE-SAVOIE,74010,ANNECY,476.0,1986205.0,7492.0,ificom-2019.xls,2019
AUVERGNE-RHONE-ALPES,HAUTE-SAVOIE,74010,ANNECY,507.0,2005704.9999999998,7509.0,ificom-2020.xlsx,2020
AUVERGNE-RHONE-ALPES,HAUTE-SAVOIE,74010,ANNECY,552.0,2033965.0,7710.0,ificom-2021.xlsx,2021
AUVERGNE-RHONE-ALPES,HAUTE-SAVOIE,74010,ANNECY,622.0,2045690.0,7767.0,ificom-2022.xlsx,2022
PROVENCE-ALPES-COTE D'AZUR,ALPES-MARITIMES,06004,ANTIBES,418.0,2187869.0,8929.0,ificom-2019.xls,2019
PROVENCE-ALPES-COTE D'AZUR,ALPES-MARITIMES,06004,ANTIBES,407.0,2179041.0,8780.0,ificom-2020.xlsx,2020
PROVENCE-ALPES-COTE D'AZUR,ALPES-MARITIMES,06004,ANTIBES,430.0,2245773.0,9240.0,ificom-2021.xlsx,2021
PROVENCE-ALPES-COTE D'AZUR,ALPES-MARITIMES,06004,ANTIBES,432.0,2291801.0,9827.0,ificom-2022.xlsx,2022
ILE-DE-FRANCE,HAUTS-DE-SEINE,92002,ANTONY,241.0,1960008.0,6960.0,ificom-2019.xls,2019
ILE-DE-FRANCE,HAUTS-DE-SEINE,92002,ANTONY,257.0,2015587.0,7526.0,ificom-2020.xlsx,2020
ILE-DE-FRANCE,HAUTS-DE-SEINE,92002,ANTONY,289.0,2005014.0,7384.0,ificom-2021.xlsx,2021
ILE-DE-FRANCE,HAUTS-DE-SEINE,92002,ANTONY,311.0,2033147.0,7612.0,ificom-2022.xlsx,2022
PROVENCE-ALPES-COTE D'AZUR,BOUCHES-DU-RHONE,13004,ARLES,68.0,1869322.0,6264.0,ificom-2019.xls,2019
PROVENCE-ALPES-COTE D'AZUR,BOUCHES-DU-RHONE,13004,ARLES,73.0,1932999.0,6861.0,ificom-2020.xlsx,2020
PROVENCE-ALPES-COTE D'AZUR,BOUCHES-DU-RHONE,13004,ARLES,77.0,1951809.0,6855.0,ificom-2021.xlsx,2021
PROVENCE-ALPES-COTE D'AZUR,BOUCHES-DU-RHONE,13004,ARLES,81.0,1975904.0,6898.0,ificom-2022.xlsx,2022
LES-HAUTS-DE-FRANCE,PAS-DE-CALAIS,62041,ARRAS,51.0,1884753.0,6321.0,ificom-2021.xlsx,2021
LES-HAUTS-DE-FRANCE,PAS-DE-CALAIS,62041,ARRAS,52.0,1940972.0,6975.0,ificom-2022.xlsx,2022
ILE-DE-FRANCE,HAUTS-DE-SEINE,92004,ASNIERES,308.0,2252531.0,10053.0,ificom-2019.xls,2019
ILE-DE-FRANCE,HAUTS-DE-SEINE,92004,ASNIERES,331.0,2210552.0,8982.0,ificom-2020.xlsx,2020
ILE-DE-FRANCE,HAUTS-DE-SEINE,92004,ASNIERES,347.0,2237275.0,8847.0,ificom-2021.xlsx,2021
ILE-DE-FRANCE,HAUTS-DE-SEINE,92004,ASNIERES,405.0,2293332.0,9231.0,ificom-2022.xlsx,2022
PROVENCE-ALPES-COTE D'AZUR,BOUCHES-DU-RHONE,13005,AUBAGNE,80.0,2263026.0,7726.0,ificom-2019.xls,2019
PROVENCE-ALPES-COTE D'AZUR,BOUCHES-DU-RHONE,13005,AUBAGNE,80.0,2057735.0,8050.000000000001,ificom-2020.xlsx,2020
PROVENCE-ALPES-COTE D'AZUR,BOUCHES-DU-RHONE,13005,AUBAGNE,76.0,1970332.0,6919.0,ificom-2021.xlsx,2021
PROVENCE-ALPES-COTE D'AZUR,BOUCHES-DU-RHONE,13005,AUBAGNE,82.0,2031608.0,7830.0,ificom-2022.xlsx,2022
ILE-DE-FRANCE,SEINE-SAINT-DENIS,93005,AULNAY SOUS BOIS,51.0,2038816.0,7385.0,ificom-2019.xls,2019
ILE-DE-FRANCE,SEINE-SAINT-DENIS,93005,AULNAY SOUS BOIS,53.0,2137777.0,8586.0,ificom-2021.xlsx,2021
ILE-DE-FRANCE,SEINE-SAINT-DENIS,93005,AULNAY SOUS BOIS,52.0,2117325.0,8186.0,ificom-2022.xlsx,2022
PROVENCE-ALPES-COTE D'AZUR,VAUCLUSE,84007,AVIGNON,94.0,2068354.0,7206.0,ificom-2019.xls,2019
PROVENCE-ALPES-COTE D'AZUR,VAUCLUSE,84007,AVIGNON,94.0,2029763.0,7301.0,ificom-2020.xlsx,2020
PROVENCE-ALPES-COTE D'AZUR,VAUCLUSE,84007,AVIGNON,97.0,1994180.0,7039.0,ificom-2021.xlsx,2021
PROVENCE-ALPES-COTE D'AZUR,VAUCLUSE,84007,AVIGNON,100.0,2037645.0,7497.0,ificom-2022.xlsx,2022
CORSE,HAUTE-CORSE,2B033,BASTIA,59.0,2196292.0,9580.0,ificom-2019.xls,2019
CORSE,HAUTE-CORSE,2B033,BASTIA,61.0,2240652.0,9871.0,ificom-2020.xlsx,2020
CORSE,HAUTE-CORSE,2B033,BASTIA,61.0,2232820.0,9719.0,ificom-2021.xlsx,2021
CORSE,HAUTE-CORSE,2B033,BASTIA,62.0,2292098.0,10467.0,ificom-2022.xlsx,2022
NOUVELLE-AQUITAINE,PYRENEES-ATLANTIQUES,64102,BAYONNE,114.0,2071024.0,8246.0,ificom-2019.xls,2019
NOUVELLE-AQUITAINE,PYRENEES-ATLANTIQUES,64102,BAYONNE,129.0,2071107.0,7940.0,ificom-2020.xlsx,2020
NOUVELLE-AQUITAINE,PYRENEES-ATLANTIQUES,64102,BAYONNE,133.0,2188455.0,8537.0,ificom-2021.xlsx,2021
NOUVELLE-AQUITAINE,PYRENEES-ATLANTIQUES,64102,BAYONNE,144.0,2208999.0,9090.0,ificom-2022.xlsx,2022
BOURGOGNE-FRANCHE-COMTE,COTE-D'OR,21054,BEAUNE,52.0,2346323.0,9536.0,ificom-2021.xlsx,2021
BOURGOGNE-FRANCHE-COMTE,COTE-D'OR,21054,BEAUNE,51.0,2416074.0,9954.0,ificom-2022.xlsx,2022
LES-HAUTS-DE-FRANCE,OISE,60057,BEAUVAIS,61.0,2895949.0,15666.0,ificom-2019.xls,2019
LES-HAUTS-DE-FRANCE,OISE,60057,BEAUVAIS,61.0,3055466.0,13556.0,ificom-2020.xlsx,2020
LES-HAUTS-DE-FRANCE,OISE,60057,BEAUVAIS,61.0,3129108.0,13607.0,ificom-2021.xlsx,2021
LES-HAUTS-DE-FRANCE,OISE,60057,BEAUVAIS,63.0,3063474.0,14153.0,ificom-2022.xlsx,2022
BOURGOGNE-FRANCHE-COMTE,DOUBS,25056,BESANCON,97.0,1970040.0,7082.0,ificom-2019.xls,2019
BOURGOGNE-FRANCHE-COMTE,DOUBS,25056,BESANCON,94.0,2038635.0000000002,7353.0,ificom-2020.xlsx,2020
BOURGOGNE-FRANCHE-COMTE,DOUBS,25056,BESANCON,102.0,2051255.0,7830.0,ificom-2021.xlsx,2021
BOURGOGNE-FRANCHE-COMTE,DOUBS,25056,BESANCON,106.0,2104686.0,8156.0,ificom-2022.xlsx,2022
OCCITANIE,HERAULT,34032,BEZIERS,79.0,2285524.0,9725.0,ificom-2019.xls,2019
OCCITANIE,HERAULT,34032,BEZIERS,74.0,2295292.0,9706.0,ificom-2020.xlsx,2020
OCCITANIE,HERAULT,34032,BEZIERS,78.0,2254989.0,10109.0,ificom-2021.xlsx,2021
OCCITANIE,HERAULT,34032,BEZIERS,88.0,2262229.0,10498.0,ificom-2022.xlsx,2022
NOUVELLE-AQUITAINE,PYRENEES-ATLANTIQUES,64122,BIARRITZ,262.0,2243840.0,9875.0,ificom-2019.xls,2019
NOUVELLE-AQUITAINE,PYRENEES-ATLANTIQUES,64122,BIARRITZ,273.0,2213642.0,8781.0,ificom-2020.xlsx,2020
NOUVELLE-AQUITAINE,PYRENEES-ATLANTIQUES,64122,BIARRITZ,332.0,2262827.0,9104.0,ificom-2021.xlsx,2021
NOUVELLE-AQUITAINE,PYRENEES-ATLANTIQUES,64122,BIARRITZ,405.0,2309024.0,9546.0,ificom-2022.xlsx,2022
ILE-DE-FRANCE,HAUTS-DE-SEINE,92009,BOIS-COLOMBES,123.0,1929661.0,6296.0,ificom-2019.xls,2019
ILE-DE-FRANCE,HAUTS-DE-SEINE,92009,BOIS-COLOMBES,133.0,2024495.0,6943.0,ificom-2020.xlsx,2020
ILE-DE-FRANCE,HAUTS-DE-SEINE,92009,BOIS-COLOMBES,152.0,2026579.0,7022.0,ificom-2021.xlsx,2021
ILE-DE-FRANCE,HAUTS-DE-SEINE,92009,BOIS-COLOMBES,173.0,2010515.0,6849.0,ificom-2022.xlsx,2022
ILE-DE-FRANCE,HAUTS-DE-SEINE,92014,BOURG LA REINE,158.0,2305257.0,10417.0,ificom-2019.xls,2019
ILE-DE-FRANCE,HAUTS-DE-SEINE,92014,BOURG LA REINE,162.0,2314252.0,9868.0,ificom-2020.xlsx,2020
ILE-DE-FRANCE,HAUTS-DE-SEINE,92014,BOURG LA REINE,181.0,2295596.0,9400.0,ificom-2021.xlsx,2021
ILE-DE-FRANCE,HAUTS-DE-SEINE,92014,BOURG LA REINE,186.0,2317703.0,9888.0,ificom-2022.xlsx,2022
CENTRE-VAL DE LOIRE,CHER,18033,BOURGES,52.0,2087067.0,8250.0,ificom-2022.xlsx,2022
BRETAGNE,FINISTERE,29019,BREST,76.0,2356790.0,10278.0,ificom-2019.xls,2019
BRETAGNE,FINISTERE,29019,BREST,80.0,2413798.0,10697.0,ificom-2020.xlsx,2020
BRETAGNE,FINISTERE,29019,BREST,79.0,2452426.0,11760.0,ificom-2021.xlsx,2021
BRETAGNE,FINISTERE,29019,BREST,93.0,2468531.0,11583.0,ificom-2022.xlsx,2022
NOUVELLE-AQUITAINE,CORREZE,19031,BRIVE,58.0,2718003.0,15376.0,ificom-2019.xls,2019
NOUVELLE-AQUITAINE,CORREZE,19031,BRIVE,59.0,2764393.0,15444.0,ificom-2020.xlsx,2020
NOUVELLE-AQUITAINE,CORREZE,19031,BRIVE,59.0,2850188.0,14878.0,ificom-2021.xlsx,2021
NOUVELLE-AQUITAINE,CORREZE,19031,BRIVE,66.0,2759759.0,14534.0,ificom-2022.xlsx,2022
AUVERGNE-RHONE-ALPES,RHONE,69029,BRON,64.0,2012265.0,7328.0,ificom-2019.xls,2019
AUVERGNE-RHONE-ALPES,RHONE,69029,BRON,63.0,1977913.0,7230.0,ificom-2020.xlsx,2020
AUVERGNE-RHONE-ALPES,RHONE,69029,BRON,66.0,2042233.0,7487.0,ificom-2021.xlsx,2021
AUVERGNE-RHONE-ALPES,RHONE,69029,BRON,70.0,2030115.0,7342.0,ificom-2022.xlsx,2022
ILE-DE-FRANCE,ESSONNE,91114,BRUNOY,56.0,2215556.0,9365.0,ificom-2019.xls,2019
ILE-DE-FRANCE,ESSONNE,91114,BRUNOY,59.0,2148390.0,8575.0,ificom-2020.xlsx,2020
ILE-DE-FRANCE,ESSONNE,91114,BRUNOY,59.0,2349602.0,11331.0,ificom-2021.xlsx,2021
ILE-DE-FRANCE,ESSONNE,91114,BRUNOY,64.0,2234966.0,9753.0,ificom-2022.xlsx,2022
ILE-DE-FRANCE,VAL-DE-MARNE,94016,CACHAN,51.0,1901747.0,6220.0,ificom-2019.xls,2019
ILE-DE-FRANCE,VAL-DE-MARNE,94016,CACHAN,51.0,1982763.0,6764.0,ificom-2020.xlsx,2020
ILE-DE-FRANCE,VAL-DE-MARNE,94016,CACHAN,60.0,2015517.0,7102.0,ificom-2021.xlsx,2021
ILE-DE-FRANCE,VAL-DE-MARNE,94016,CACHAN,61.0,2048501.0,7170.0,ificom-2022.xlsx,2022
NORMANDIE,CALVADOS,14118,CAEN,197.0,2192665.0,9311.0,ificom-2019.xls,2019
NORMANDIE,CALVADOS,14118,CAEN,193.0,2184839.0,9207.0,ificom-2020.xlsx,2020
NORMANDIE,CALVADOS,14118,CAEN,213.0,2236565.0,9557.0,ificom-2021.xlsx,2021
NORMANDIE,CALVADOS,14118,CAEN,235.0,2255639.0,9789.0,ificom-2022.xlsx,2022
PROVENCE-ALPES-COTE D'AZUR,ALPES-MARITIMES,06027,CAGNES SUR MER,153.0,2004050.0,7723.0,ificom-2019.xls,2019
PROVENCE-ALPES-COTE D'AZUR,ALPES-MARITIMES,06027,CAGNES SUR MER,154.0,2058262.0,8122.0,ificom-2020.xlsx,2020
PROVENCE-ALPES-COTE D'AZUR,ALPES-MARITIMES,06027,CAGNES SUR MER,160.0,2040286.0,7844.0,ificom-2021.xlsx,2021
PROVENCE-ALPES-COTE D'AZUR,ALPES-MARITIMES,06027,CAGNES SUR MER,161.0,2266062.0,8512.0,ificom-2022.xlsx,2022
AUVERGNE-RHONE-ALPES,RHONE,69034,CALUIRE ET CUIRE,208.0,2224681.0,8675.0,ificom-2019.xls,2019
AUVERGNE-RHONE-ALPES,RHONE,69034,CALUIRE ET CUIRE,214.0,2267262.0,9309.0,ificom-2020.xlsx,2020
AUVERGNE-RHONE-ALPES,RHONE,69034,CALUIRE ET CUIRE,232.0,2407934.0,10606.0,ificom-2021.xlsx,2021
AUVERGNE-RHONE-ALPES,RHONE,69034,CALUIRE ET CUIRE,267.0,2433972.0,9534.0,ificom-2022.xlsx,2022
PROVENCE-ALPES-COTE D'AZUR,ALPES-MARITIMES,06029,CANNES,626.0,2770439.0,12642.0,ificom-2019.xls,2019
PROVENCE-ALPES-COTE D'AZUR,ALPES-MARITIMES,06029,CANNES,658.0,2901833.0,12827.0,ificom-2020.xlsx,2020
PROVENCE-ALPES-COTE D'AZUR,ALPES-MARITIMES,06029,CANNES,664.0,2827815.0,12414.0,ificom-2021.xlsx,2021
PROVENCE-ALPES-COTE D'AZUR,ALPES-MARITIMES,06029,CANNES,707.0,3044836.0,12816.0,ificom-2022.xlsx,2022
PROVENCE-ALPES-COTE D'AZUR,VAUCLUSE,84031,CARPENTRAS,53.0,2027157.0,7295.0,ificom-2021.xlsx,2021
PROVENCE-ALPES-COTE D'AZUR,VAUCLUSE,84031,CARPENTRAS,59.0,1954067.0,6840.0,ificom-2022.xlsx,2022
PAYS DE LA LOIRE,LOIRE-ATLANTIQUE,44026,CARQUEFOU,58.0,2291033.0,9854.0,ificom-2022.xlsx,2022
OCCITANIE,HERAULT,34057,CASTELNAU LE LEZ,97.0,2199451.0,9426.0,ificom-2020.xlsx,2020
OCCITANIE,HERAULT,34057,CASTELNAU LE LEZ,102.0,2289629.0,11361.0,ificom-2021.xlsx,2021
OCCITANIE,HERAULT,34057,CASTELNAU LE LEZ,103.0,2403847.0,11818.0,ificom-2022.xlsx,2022
PAYS DE LA LOIRE,VENDEE,85047,CHALLANS,54.0,2269019.0,10195.0,ificom-2022.xlsx,2022
AUVERGNE-RHONE-ALPES,SAVOIE,73065,CHAMBERY,110.0,1994945.0,7131.0,ificom-2019.xls,2019
AUVERGNE-RHONE-ALPES,SAVOIE,73065,CHAMBERY,110.0,2084616.0,8125.0,ificom-2020.xlsx,2020
AUVERGNE-RHONE-ALPES,SAVOIE,73065,CHAMBERY,117.0,1999840.0,6548.0,ificom-2021.xlsx,2021
AUVERGNE-RHONE-ALPES,SAVOIE,73065,CHAMBERY,124.0,2058732.0,7479.0,ificom-2022.xlsx,2022
ILE-DE-FRANCE,VAL-DE-MARNE,94017,CHAMPIGNY SUR MARNE,63.0,2116037.0,8820.0,ificom-2019.xls,2019
ILE-DE-FRANCE,VAL-DE-MARNE,94017,CHAMPIGNY SUR MARNE,62.0,2106021.0,8677.0,ificom-2020.xlsx,2020
ILE-DE-FRANCE,VAL-DE-MARNE,94017,CHAMPIGNY SUR MARNE,70.0,2128889.0,8654.0,ificom-2021.xlsx,2021
ILE-DE-FRANCE,VAL-DE-MARNE,94017,CHAMPIGNY SUR MARNE,76.0,2167405.0,8917.0,ificom-2022.xlsx,2022
ILE-DE-FRANCE,VAL-DE-MARNE,94018,CHARENTON LE PONT,199.0,2127499.0,8110.0,ificom-2019.xls,2019
ILE-DE-FRANCE,VAL-DE-MARNE,94018,CHARENTON LE PONT,211.0,2127032.0,8118.0,ificom-2020.xlsx,2020
ILE-DE-FRANCE,VAL-DE-MARNE,94018,CHARENTON LE PONT,228.0,2152178.0,8343.0,ificom-2021.xlsx,2021
ILE-DE-FRANCE,VAL-DE-MARNE,94018,CHARENTON LE PONT,245.0,2176289.0,8415.0,ificom-2022.xlsx,2022
CENTRE-VAL DE LOIRE,EURE-ET-LOIR,28085,CHARTRES,88.0,2274040.0,10164.0,ificom-2019.xls,2019
CENTRE-VAL DE LOIRE,EURE-ET-LOIR,28085,CHARTRES,84.0,2381736.0,10929.0,ificom-2020.xlsx,2020
CENTRE-VAL DE LOIRE,EURE-ET-LOIR,28085,CHARTRES,86.0,2315656.0,10153.0,ificom-2021.xlsx,2021
CENTRE-VAL DE LOIRE,EURE-ET-LOIR,28085,CHARTRES,96.0,2337133.0,10689.0,ificom-2022.xlsx,2022
ILE-DE-FRANCE,HAUTS-DE-SEINE,92019,CHATENAY MALABRY,101.0,2147625.0,9064.0,ificom-2019.xls,2019
ILE-DE-FRANCE,HAUTS-DE-SEINE,92019,CHATENAY MALABRY,110.0,2081024.0000000002,8022.0,ificom-2020.xlsx,2020
ILE-DE-FRANCE,HAUTS-DE-SEINE,92019,CHATENAY MALABRY,114.0,2125800.0,8491.0,ificom-2021.xlsx,2021
ILE-DE-FRANCE,HAUTS-DE-SEINE,92019,CHATENAY MALABRY,126.0,2124573.0,8238.0,ificom-2022.xlsx,2022
ILE-DE-FRANCE,HAUTS-DE-SEINE,92020,CHATILLON,89.0,2182222.0,9474.0,ificom-2019.xls,2019
ILE-DE-FRANCE,HAUTS-DE-SEINE,92020,CHATILLON,92.0,2161120.0,9204.0,ificom-2020.xlsx,2020
ILE-DE-FRANCE,HAUTS-DE-SEINE,92020,CHATILLON,99.0,2212116.0,9699.0,ificom-2021.xlsx,2021
ILE-DE-FRANCE,HAUTS-DE-SEINE,92020,CHATILLON,112.0,2246086.0,9911.0,ificom-2022.xlsx,2022
ILE-DE-FRANCE,YVELINES,78146,CHATOU,232.0,2086994.0,7527.0,ificom-2019.xls,2019
ILE-DE-FRANCE,YVELINES,78146,CHATOU,222.0,2097904.0,7571.0,ificom-2020.xlsx,2020
ILE-DE-FRANCE,YVELINES,78146,CHATOU,242.0,2093601.0,7388.0,ificom-2021.xlsx,2021
ILE-DE-FRANCE,YVELINES,78146,CHATOU,272.0,2122436.0,7476.0,ificom-2022.xlsx,2022
ILE-DE-FRANCE,HAUTS-DE-SEINE,92022,CHAVILLE,108.0,1859030.0,6170.0,ificom-2019.xls,2019
ILE-DE-FRANCE,HAUTS-DE-SEINE,92022,CHAVILLE,112.0,1937919.0,6799.0,ificom-2020.xlsx,2020
ILE-DE-FRANCE,HAUTS-DE-SEINE,92022,CHAVILLE,118.0,1956542.0,6861.0,ificom-2021.xlsx,2021
ILE-DE-FRANCE,HAUTS-DE-SEINE,92022,CHAVILLE,143.0,1965197.0,6836.0,ificom-2022.xlsx,2022
ILE-DE-FRANCE,HAUTS-DE-SEINE,92023,CLAMART,251.0,2007314.0,7012.0,ificom-2019.xls,2019
ILE-DE-FRANCE,HAUTS-DE-SEINE,92023,CLAMART,261.0,2049135.0000000002,7312.0,ificom-2020.xlsx,2020
ILE-DE-FRANCE,HAUTS-DE-SEINE,92023,CLAMART,294.0,2069916.0,7547.0,ificom-2021.xlsx,2021
ILE-DE-FRANCE,HAUTS-DE-SEINE,92023,CLAMART,333.0,2081259.0,7541.0,ificom-2022.xlsx,2022
AUVERGNE-RHONE-ALPES,PUY-DE-DOME,63113,CLERMONT-FERRAND,107.0,1936636.0,6514.0,ificom-2019.xls,2019
AUVERGNE-RHONE-ALPES,PUY-DE-DOME,63113,CLERMONT-FERRAND,114.0,1955280.0,6836.0,ificom-2020.xlsx,2020
AUVERGNE-RHONE-ALPES,PUY-DE-DOME,63113,CLERMONT-FERRAND,115.0,2001395.0,7452.0,ificom-2021.xlsx,2021
AUVERGNE-RHONE-ALPES,PUY-DE-DOME,63113,CLERMONT-FERRAND,127.0,2104046.0,8096.0,ificom-2022.xlsx,2022
ILE-DE-FRANCE,HAUTS-DE-SEINE,92024,CLICHY,52.0,2081637.0,8105.0,ificom-2019.xls,2019
ILE-DE-FRANCE,HAUTS-DE-SEINE,92024,CLICHY,59.0,2274025.0,9329.0,ificom-2021.xlsx,2021
ILE-DE-FRANCE,HAUTS-DE-SEINE,92024,CLICHY,62.0,2176911.0,9074.0,ificom-2022.xlsx,2022
GRAND-EST,HAUT-RHIN,68066,COLMAR,85.0,2539133.0,11673.0,ificom-2019.xls,2019
GRAND-EST,HAUT-RHIN,68066,COLMAR,90.0,2502878.0,11356.0,ificom-2020.xlsx,2020
GRAND-EST,HAUT-RHIN,68066,COLMAR,91.0,2400864.0,11252.0,ificom-2021.xlsx,2021
GRAND-EST,HAUT-RHIN,68066,COLMAR,94.0,2376246.0,11295.0,ificom-2022.xlsx,2022
ILE-DE-FRANCE,HAUTS-DE-SEINE,92025,COLOMBES,182.0,2025123.0,7339.0,ificom-2019.xls,2019
ILE-DE-FRANCE,HAUTS-DE-SEINE,92025,COLOMBES,192.0,2046990.9999999998,7268.0,ificom-2020.xlsx,2020
ILE-DE-FRANCE,HAUTS-DE-SEINE,92025,COLOMBES,229.0,2045460.0,7322.0,ificom-2021.xlsx,2021
ILE-DE-FRANCE,HAUTS-DE-SEINE,92025,COLOMBES,242.0,2126991.0,8046.0,ificom-2022.xlsx,2022
LES-HAUTS-DE-FRANCE,OISE,60159,COMPIEGNE,101.0,2672753.0,11081.0,ificom-2019.xls,2019
LES-HAUTS-DE-FRANCE,OISE,60159,COMPIEGNE,100.0,2791353.0,15025.0,ificom-2020.xlsx,2020
LES-HAUTS-DE-FRANCE,OISE,60159,COMPIEGNE,104.0,2808925.0,12020.0,ificom-2021.xlsx,2021
LES-HAUTS-DE-FRANCE,OISE,60159,COMPIEGNE,114.0,2728272.0,13032.0,ificom-2022.xlsx,2022
ILE-DE-FRANCE,HAUTS-DE-SEINE,92026,COURBEVOIE,349.0,2027190.0,7359.0,ificom-2019.xls,2019
ILE-DE-FRANCE,HAUTS-DE-SEINE,92026,COURBEVOIE,377.0,2043659.0,7496.0,ificom-2020.xlsx,2020
ILE-DE-FRANCE,HAUTS-DE-SEINE,92026,COURBEVOIE,418.0,2076787.0,7699.0,ificom-2021.xlsx,2021
ILE-DE-FRANCE,HAUTS-DE-SEINE,92026,COURBEVOIE,453.0,2073787.0,7595.0,ificom-2022.xlsx,2022
ILE-DE-FRANCE,VAL-DE-MARNE,94028,CRETEIL,77.0,2003732.0,7380.0,ificom-2019.xls,2019
ILE-DE-FRANCE,VAL-DE-MARNE,94028,CRETEIL,78.0,1986890.0,7120.0,ificom-2020.xlsx,2020
ILE-DE-FRANCE,VAL-DE-MARNE,94028,CRETEIL,73.0,2051952.0,7768.0,ificom-2021.xlsx,2021
ILE-DE-FRANCE,VAL-DE-MARNE,94028,CRETEIL,81.0,2066568.0,7757.0,ificom-2022.xlsx,2022
LES-HAUTS-DE-FRANCE,NORD,59163,CROIX,85.0,2168735.0,7149.0,ificom-2019.xls,2019
LES-HAUTS-DE-FRANCE,NORD,59163,CROIX,90.0,2167695.0,7503.0,ificom-2020.xlsx,2020
LES-HAUTS-DE-FRANCE,NORD,59163,CROIX,95.0,2345519.0,8725.0,ificom-2021.xlsx,2021
LES-HAUTS-DE-FRANCE,NORD,59163,CROIX,111.0,2295986.0,7722.0,ificom-2022.xlsx,2022
BOURGOGNE-FRANCHE-COMTE,COTE-D'OR,21231,DIJON,174.0,2173765.0,8786.0,ificom-2019.xls,2019
BOURGOGNE-FRANCHE-COMTE,COTE-D'OR,21231,DIJON,176.0,2189934.0,8714.0,ificom-2020.xlsx,2020
BOURGOGNE-FRANCHE-COMTE,COTE-D'OR,21231,DIJON,188.0,2198908.0,9221.0,ificom-2021.xlsx,2021
BOURGOGNE-FRANCHE-COMTE,COTE-D'OR,21231,DIJON,200.0,2159030.0,8599.0,ificom-2022.xlsx,2022
PROVENCE-ALPES-COTE D'AZUR,VAR,83050,DRAGUIGNAN,71.0,2181197.0,9623.0,ificom-2019.xls,2019
PROVENCE-ALPES-COTE D'AZUR,VAR,83050,DRAGUIGNAN,70.0,2166569.0,9748.0,ificom-2020.xlsx,2020
PROVENCE-ALPES-COTE D'AZUR,VAR,83050,DRAGUIGNAN,70.0,2053548.0,8133.0,ificom-2021.xlsx,2021
PROVENCE-ALPES-COTE D'AZUR,VAR,83050,DRAGUIGNAN,68.0,2060808.0,8589.0,ificom-2022.xlsx,2022
LES-HAUTS-DE-FRANCE,NORD,59183,DUNKERQUE,53.0,2027053.0,7673.0,ificom-2019.xls,2019
LES-HAUTS-DE-FRANCE,NORD,59183,DUNKERQUE,59.0,2063524.9999999998,8042.0,ificom-2020.xlsx,2020
LES-HAUTS-DE-FRANCE,NORD,59183,DUNKERQUE,65.0,2033788.0,7795.0,ificom-2021.xlsx,2021
LES-HAUTS-DE-FRANCE,NORD,59183,DUNKERQUE,59.0,2164627.0,8918.0,ificom-2022.xlsx,2022
NOUVELLE-AQUITAINE,GIRONDE,33162,EYSINES,52.0,2076615.0,8194.0,ificom-2021.xlsx,2021
NOUVELLE-AQUITAINE,GIRONDE,33162,EYSINES,57.0,2019978.0,7732.0,ificom-2022.xlsx,2022
ILE-DE-FRANCE,HAUTS-DE-SEINE,92032,FONTENAY AUX ROSES,74.0,1989128.0,7290.0,ificom-2019.xls,2019
ILE-DE-FRANCE,HAUTS-DE-SEINE,92032,FONTENAY AUX ROSES,77.0,2019588.0000000002,7443.0,ificom-2020.xlsx,2020
ILE-DE-FRANCE,HAUTS-DE-SEINE,92032,FONTENAY AUX ROSES,89.0,2033532.0,7491.0,ificom-2021.xlsx,2021
ILE-DE-FRANCE,HAUTS-DE-SEINE,92032,FONTENAY AUX ROSES,94.0,2025241.0,7227.0,ificom-2022.xlsx,2022
ILE-DE-FRANCE,VAL-DE-MARNE,94033,FONTENAY SOUS BOIS,271.0,2331649.0,9473.0,ificom-2019.xls,2019
ILE-DE-FRANCE,VAL-DE-MARNE,94033,FONTENAY SOUS BOIS,270.0,2354795.0,9713.0,ificom-2020.xlsx,2020
ILE-DE-FRANCE,VAL-DE-MARNE,94033,FONTENAY SOUS BOIS,275.0,2350111.0,9238.0,ificom-2021.xlsx,2021
ILE-DE-FRANCE,VAL-DE-MARNE,94033,FONTENAY SOUS BOIS,289.0,2464082.0,9964.0,ificom-2022.xlsx,2022
PROVENCE-ALPES-COTE D'AZUR,VAR,83061,FREJUS,142.0,2073239.0,8252.0,ificom-2019.xls,2019
PROVENCE-ALPES-COTE D'AZUR,VAR,83061,FREJUS,144.0,2199691.0,8213.0,ificom-2020.xlsx,2020
PROVENCE-ALPES-COTE D'AZUR,VAR,83061,FREJUS,138.0,1993351.0,7522.0,ificom-2021.xlsx,2021
PROVENCE-ALPES-COTE D'AZUR,VAR,83061,FREJUS,149.0,2068631.0,8196.0,ificom-2022.xlsx,2022
PROVENCE-ALPES-COTE D'AZUR,HAUTES-ALPES,05061,GAP,57.0,2235849.0,9388.0,ificom-2019.xls,2019
PROVENCE-ALPES-COTE D'AZUR,HAUTES-ALPES,05061,GAP,57.0,2224957.0,8488.0,ificom-2020.xlsx,2020
PROVENCE-ALPES-COTE D'AZUR,HAUTES-ALPES,05061,GAP,65.0,2268207.0,8156.0,ificom-2021.xlsx,2021
PROVENCE-ALPES-COTE D'AZUR,HAUTES-ALPES,05061,GAP,71.0,2264449.0,8403.0,ificom-2022.xlsx,2022
ILE-DE-FRANCE,ESSONNE,91272,GIF SUR YVETTE,98.0,2025798.0,7314.0,ificom-2019.xls,2019
ILE-DE-FRANCE,ESSONNE,91272,GIF SUR YVETTE,100.0,2064804.0,7524.0,ificom-2020.xlsx,2020
ILE-DE-FRANCE,ESSONNE,91272,GIF SUR YVETTE,105.0,2076096.0,7609.0,ificom-2021.xlsx,2021
ILE-DE-FRANCE,ESSONNE,91272,GIF SUR YVETTE,118.0,2132069.0,7918.0,ificom-2022.xlsx,2022
NOUVELLE-AQUITAINE,GIRONDE,33192,GRADIGNAN,69.0,2137297.0,8463.0,ificom-2019.xls,2019
NOUVELLE-AQUITAINE,GIRONDE,33192,GRADIGNAN,71.0,2260960.0,9111.0,ificom-2020.xlsx,2020
NOUVELLE-AQUITAINE,GIRONDE,33192,GRADIGNAN,75.0,2371111.0,9858.0,ificom-2021.xlsx,2021
NOUVELLE-AQUITAINE,GIRONDE,33192,GRADIGNAN,80.0,2472298.0,10348.0,ificom-2022.xlsx,2022
PROVENCE-ALPES-COTE D'AZUR,ALPES-MARITIMES,06069,GRASSE,124.0,2160182.0,9162.0,ificom-2019.xls,2019
PROVENCE-ALPES-COTE D'AZUR,ALPES-MARITIMES,06069,GRASSE,126.0,2806244.0,18665.0,ificom-2020.xlsx,2020
PROVENCE-ALPES-COTE D'AZUR,ALPES-MARITIMES,06069,GRASSE,125.0,2938801.0,10202.0,ificom-2021.xlsx,2021
PROVENCE-ALPES-COTE D'AZUR,ALPES-MARITIMES,06069,GRASSE,123.0,2224910.0,9436.0,ificom-2022.xlsx,2022
AUVERGNE-RHONE-ALPES,ISERE,38185,GRENOBLE,178.0,2167094.0,8652.0,ificom-2019.xls,2019
AUVERGNE-RHONE-ALPES,ISERE,38185,GRENOBLE,172.0,2157148.0,8816.0,ificom-2020.xlsx,2020
AUVERGNE-RHONE-ALPES,ISERE,38185,GRENOBLE,174.0,2224496.0,8388.0,ificom-2021.xlsx,2021
AUVERGNE-RHONE-ALPES,ISERE,38185,GRENOBLE,175.0,2275227.0,9034.0,ificom-2022.xlsx,2022
NOUVELLE-AQUITAINE,GIRONDE,33199,GUJAN-MESTRAS,53.0,2030226.0,8054.0,ificom-2021.xlsx,2021
NOUVELLE-AQUITAINE,GIRONDE,33199,GUJAN-MESTRAS,68.0,1986092.0,7480.0,ificom-2022.xlsx,2022
PROVENCE-ALPES-COTE D'AZUR,VAR,83069,HYERES,218.0,2080389.0,7623.0,ificom-2019.xls,2019
PROVENCE-ALPES-COTE D'AZUR,VAR,83069,HYERES,235.0,2030627.0,7436.0,ificom-2020.xlsx,2020
PROVENCE-ALPES-COTE D'AZUR,VAR,83069,HYERES,237.0,2117763.0,7902.0,ificom-2021.xlsx,2021
PROVENCE-ALPES-COTE D'AZUR,VAR,83069,HYERES,252.0,2163800.0,8255.0,ificom-2022.xlsx,2022
ILE-DE-FRANCE,HAUTS-DE-SEINE,92040,ISSY LES MOULINEAUX,348.0,2027966.0,7189.0,ificom-2019.xls,2019
ILE-DE-FRANCE,HAUTS-DE-SEINE,92040,ISSY LES MOULINEAUX,380.0,2035225.0,7379.0,ificom-2020.xlsx,2020
ILE-DE-FRANCE,HAUTS-DE-SEINE,92040,ISSY LES MOULINEAUX,449.0,2058724.0,7522.0,ificom-2021.xlsx,2021
ILE-DE-FRANCE,HAUTS-DE-SEINE,92040,ISSY LES MOULINEAUX,504.0,2055431.0,7464.0,ificom-2022.xlsx,2022
ILE-DE-FRANCE,VAL-DE-MARNE,94038,L'HAY LES ROSES,56.0,2032772.0,8003.0,ificom-2019.xls,2019
ILE-DE-FRANCE,VAL-DE-MARNE,94038,L'HAY LES ROSES,57.0,1985493.0,7559.0,ificom-2020.xlsx,2020
ILE-DE-FRANCE,VAL-DE-MARNE,94038,L'HAY LES ROSES,61.0,1966281.0,7305.0,ificom-2021.xlsx,2021
ILE-DE-FRANCE,VAL-DE-MARNE,94038,L'HAY LES ROSES,64.0,1952700.0,7438.0,ificom-2022.xlsx,2022
ILE-DE-FRANCE,YVELINES,78126,LA CELLE-SAINT-CLOUD,189.0,2106718.0,7394.0,ificom-2019.xls,2019
ILE-DE-FRANCE,YVELINES,78126,LA CELLE-SAINT-CLOUD,195.0,2290647.0,7477.0,ificom-2020.xlsx,2020
ILE-DE-FRANCE,YVELINES,78126,LA CELLE-SAINT-CLOUD,205.0,2081858.0,7169.0,ificom-2021.xlsx,2021
ILE-DE-FRANCE,YVELINES,78126,LA CELLE-SAINT-CLOUD,217.0,2133828.0,7671.0,ificom-2022.xlsx,2022
PROVENCE-ALPES-COTE D'AZUR,BOUCHES-DU-RHONE,13028,LA CIOTAT,96.0,2079346.0,8536.0,ificom-2019.xls,2019
PROVENCE-ALPES-COTE D'AZUR,BOUCHES-DU-RHONE,13028,LA CIOTAT,100.0,2089652.0,8364.0,ificom-2020.xlsx,2020
PROVENCE-ALPES-COTE D'AZUR,BOUCHES-DU-RHONE,13028,LA CIOTAT,109.0,2132562.0,8726.0,ificom-2021.xlsx,2021
PROVENCE-ALPES-COTE D'AZUR,BOUCHES-DU-RHONE,13028,LA CIOTAT,122.0,2155687.0,9050.0,ificom-2022.xlsx,2022
ILE-DE-FRANCE,HAUTS-DE-SEINE,92035,LA GARENNE COLOMBES,143.0,2077514.0,7931.0,ificom-2019.xls,2019
ILE-DE-FRANCE,HAUTS-DE-SEINE,92035,LA GARENNE COLOMBES,165.0,2197033.0,9272.0,ificom-2020.xlsx,2020
ILE-DE-FRANCE,HAUTS-DE-SEINE,92035,LA GARENNE COLOMBES,178.0,2181441.0,8796.0,ificom-2021.xlsx,2021
ILE-DE-FRANCE,HAUTS-DE-SEINE,92035,LA GARENNE COLOMBES,194.0,2199215.0,9203.0,ificom-2022.xlsx,2022
LES-HAUTS-DE-FRANCE,NORD,59368,LA MADELEINE,53.0,2531042.0,10561.0,ificom-2019.xls,2019
LES-HAUTS-DE-FRANCE,NORD,59368,LA MADELEINE,54.0,2359042.0,9111.0,ificom-2020.xlsx,2020
LES-HAUTS-DE-FRANCE,NORD,59368,LA MADELEINE,58.0,2391066.0,11929.0,ificom-2021.xlsx,2021
LES-HAUTS-DE-FRANCE,NORD,59368,LA MADELEINE,64.0,2486072.0,9666.0,ificom-2022.xlsx,2022
NOUVELLE-AQUITAINE,CHARENTE-MARITIME,17300,LA ROCHELLE,220.0,2072775.0,7873.0,ificom-2019.xls,2019
NOUVELLE-AQUITAINE,CHARENTE-MARITIME,17300,LA ROCHELLE,236.0,2087858.0000000002,7857.0,ificom-2020.xlsx,2020
NOUVELLE-AQUITAINE,CHARENTE-MARITIME,17300,LA ROCHELLE,268.0,2127345.0,8278.0,ificom-2021.xlsx,2021
NOUVELLE-AQUITAINE,CHARENTE-MARITIME,17300,LA ROCHELLE,305.0,2161802.0,8229.0,ificom-2022.xlsx,2022
PROVENCE-ALPES-COTE D'AZUR,VAR,83126,LA SEYNE SUR MER,59.0,1924148.0,7498.0,ificom-2019.xls,2019
PROVENCE-ALPES-COTE D'AZUR,VAR,83126,LA SEYNE SUR MER,54.0,1966644.0,8045.999999999999,ificom-2020.xlsx,2020
PROVENCE-ALPES-COTE D'AZUR,VAR,83126,LA SEYNE SUR MER,61.0,1858217.0,6738.0,ificom-2021.xlsx,2021
PROVENCE-ALPES-COTE D'AZUR,VAR,83126,LA SEYNE SUR MER,64.0,1887283.0,6705.0,ificom-2022.xlsx,2022
NOUVELLE-AQUITAINE,GIRONDE,33529,LA TESTE DE BUCH,196.0,2266493.0,8843.0,ificom-2019.xls,2019
NOUVELLE-AQUITAINE,GIRONDE,33529,LA TESTE DE BUCH,195.0,2309321.0,9374.0,ificom-2020.xlsx,2020
NOUVELLE-AQUITAINE,GIRONDE,33529,LA TESTE DE BUCH,234.0,2280975.0,9896.0,ificom-2021.xlsx,2021
NOUVELLE-AQUITAINE,GIRONDE,33529,LA TESTE DE BUCH,282.0,2280552.0,9076.0,ificom-2022.xlsx,2022
LES-HAUTS-DE-FRANCE,NORD,59328,LAMBERSART,60.0,2364093.0,9423.0,ificom-2019.xls,2019
LES-HAUTS-DE-FRANCE,NORD,59328,LAMBERSART,70.0,2458088.0,9225.0,ificom-2020.xlsx,2020
LES-HAUTS-DE-FRANCE,NORD,59328,LAMBERSART,89.0,2424694.0,9942.0,ificom-2021.xlsx,2021
LES-HAUTS-DE-FRANCE,NORD,59328,LAMBERSART,92.0,2360265.0,9299.0,ificom-2022.xlsx,2022
PAYS DE LA LOIRE,MAYENNE,53130,LAVAL,66.0,2479986.0,11821.0,ificom-2019.xls,2019
PAYS DE LA LOIRE,MAYENNE,53130,LAVAL,67.0,2446329.0,10555.0,ificom-2020.xlsx,2020
PAYS DE LA LOIRE,MAYENNE,53130,LAVAL,71.0,2347022.0,9974.0,ificom-2021.xlsx,2021
PAYS DE LA LOIRE,MAYENNE,53130,LAVAL,80.0,2396354.0,10426.0,ificom-2022.xlsx,2022
NOUVELLE-AQUITAINE,GIRONDE,33069,LE BOUSCAT,181.0,2426451.0,11318.0,ificom-2019.xls,2019
NOUVELLE-AQUITAINE,GIRONDE,33069,LE BOUSCAT,197.0,2468063.0,11565.0,ificom-2020.xlsx,2020
NOUVELLE-AQUITAINE,GIRONDE,33069,LE BOUSCAT,215.0,2451929.0,11819.0,ificom-2021.xlsx,2021
NOUVELLE-AQUITAINE,GIRONDE,33069,LE BOUSCAT,259.0,2410045.0,11182.0,ificom-2022.xlsx,2022
PROVENCE-ALPES-COTE D'AZUR,ALPES-MARITIMES,06030,LE CANNET,162.0,2317615.0,9959.0,ificom-2019.xls,2019
PROVENCE-ALPES-COTE D'AZUR,ALPES-MARITIMES,06030,LE CANNET,158.0,2306599.0,9993.0,ificom-2020.xlsx,2020
PROVENCE-ALPES-COTE D'AZUR,ALPES-MARITIMES,06030,LE CANNET,156.0,2485858.0,11856.0,ificom-2021.xlsx,2021
PROVENCE-ALPES-COTE D'AZUR,ALPES-MARITIMES,06030,LE CANNET,158.0,2478350.0,11687.0,ificom-2022.xlsx,2022
ILE-DE-FRANCE,YVELINES,78158,LE CHESNAY-ROCQUENCOURT,271.0,1957630.0,6340.0,ificom-2019.xls,2019
ILE-DE-FRANCE,YVELINES,78158,LE CHESNAY-ROCQUENCOURT,320.0,2043637.0,7073.0,ificom-2020.xlsx,2020
ILE-DE-FRANCE,YVELINES,78158,LE CHESNAY-ROCQUENCOURT,355.0,2140067.0,7867.0,ificom-2021.xlsx,2021
ILE-DE-FRANCE,YVELINES,78158,LE CHESNAY-ROCQUENCOURT,379.0,2146550.0,7995.0,ificom-2022.xlsx,2022
GUADELOUPE,GUADELOUPE,97113,LE GOSIER,57.0,3260706.0,16404.0,ificom-2022.xlsx,2022
NORMANDIE,SEINE-MARITIME,76351,LE HAVRE,103.0,2202851.0,9551.0,ificom-2019.xls,2019
NORMANDIE,SEINE-MARITIME,76351,LE HAVRE,96.0,2184636.0,9070.0,ificom-2020.xlsx,2020
NORMANDIE,SEINE-MARITIME,76351,LE HAVRE,112.0,2192983.0,9209.0,ificom-2021.xlsx,2021
NORMANDIE,SEINE-MARITIME,76351,LE HAVRE,118.0,2164953.0,8925.0,ificom-2022.xlsx,2022
PAYS DE LA LOIRE,SARTHE,72181,LE MANS,155.0,2120569.0,8326.0,ificom-2019.xls,2019
PAYS DE LA LOIRE,SARTHE,72181,LE MANS,158.0,2173667.0,8726.0,ificom-2020.xlsx,2020
PAYS DE LA LOIRE,SARTHE,72181,LE MANS,163.0,2218842.0,9019.0,ificom-2021.xlsx,2021
PAYS DE LA LOIRE,SARTHE,72181,LE MANS,173.0,2216505.0,9133.0,ificom-2022.xlsx,2022
ILE-DE-FRANCE,VAL-DE-MARNE,94058,LE PERREUX SUR MARNE,176.0,2164142.0,8402.0,ificom-2019.xls,2019
ILE-DE-FRANCE,VAL-DE-MARNE,94058,LE PERREUX SUR MARNE,173.0,2113725.0,7758.0,ificom-2020.xlsx,2020
ILE-DE-FRANCE,VAL-DE-MARNE,94058,LE PERREUX SUR MARNE,195.0,2162983.0,8636.0,ificom-2021.xlsx,2021
ILE-DE-FRANCE,VAL-DE-MARNE,94058,LE PERREUX SUR MARNE,203.0,2158288.0,8492.0,ificom-2022.xlsx,2022
ILE-DE-FRANCE,HAUTS-DE-SEINE,92060,LE PLESSIS ROBINSON,61.0,2099971.0,7346.0,ificom-2019.xls,2019
ILE-DE-FRANCE,HAUTS-DE-SEINE,92060,LE PLESSIS ROBINSON,70.0,2154687.0,7935.0,ificom-2020.xlsx,2020
ILE-DE-FRANCE,HAUTS-DE-SEINE,92060,LE PLESSIS ROBINSON,71.0,2219919.0,8732.0,ificom-2021.xlsx,2021
ILE-DE-FRANCE,HAUTS-DE-SEINE,92060,LE PLESSIS ROBINSON,75.0,2201628.0,8423.0,ificom-2022.xlsx,2022
ILE-DE-FRANCE,SEINE-SAINT-DENIS,93045,LES LILAS,51.0,2027136.0,7320.0,ificom-2020.xlsx,2020
ILE-DE-FRANCE,SEINE-SAINT-DENIS,93045,LES LILAS,53.0,1939892.0,6790.0,ificom-2021.xlsx,2021
ILE-DE-FRANCE,SEINE-SAINT-DENIS,93045,LES LILAS,58.0,2470766.0,13988.0,ificom-2022.xlsx,2022
PAYS DE LA LOIRE,VENDEE,85194,LES SABLES D'OLONNE,125.0,2135252.0,8815.0,ificom-2019.xls,2019
PAYS DE LA LOIRE,VENDEE,85194,LES SABLES D'OLONNE,131.0,2167100.0,9101.0,ificom-2020.xlsx,2020
PAYS DE LA LOIRE,VENDEE,85194,LES SABLES D'OLONNE,151.0,2188586.0,9142.0,ificom-2021.xlsx,2021
PAYS DE LA LOIRE,VENDEE,85194,LES SABLES D'OLONNE,193.0,2118891.0,8533.0,ificom-2022.xlsx,2022
ILE-DE-FRANCE,HAUTS-DE-SEINE,92044,LEVALLOIS-PERRET,593.0,2301775.0,9777.0,ificom-2019.xls,2019
ILE-DE-FRANCE,HAUTS-DE-SEINE,92044,LEVALLOIS-PERRET,633.0,2316840.0,9453.0,ificom-2020.xlsx,2020
ILE-DE-FRANCE,HAUTS-DE-SEINE,92044,LEVALLOIS-PERRET,674.0,2337482.0,9485.0,ificom-2021.xlsx,2021
ILE-DE-FRANCE,HAUTS-DE-SEINE,92044,LEVALLOIS-PERRET,732.0,2332997.0,9423.0,ificom-2022.xlsx,2022
LES-HAUTS-DE-FRANCE,NORD,59350,LILLE,283.0,2367618.0,9904.0,ificom-2019.xls,2019
LES-HAUTS-DE-FRANCE,NORD,59350,LILLE,304.0,2389999.0,10621.0,ificom-2020.xlsx,2020
LES-HAUTS-DE-FRANCE,NORD,59350,LILLE,325.0,2256665.0,8556.0,ificom-2021.xlsx,2021
LES-HAUTS-DE-FRANCE,NORD,59350,LILLE,366.0,2406814.0,9731.0,ificom-2022.xlsx,2022
NOUVELLE-AQUITAINE,HAUTE-VIENNE,87085,LIMOGES,131.0,2285481.0,9985.0,ificom-2019.xls,2019
NOUVELLE-AQUITAINE,HAUTE-VIENNE,87085,LIMOGES,139.0,2287185.0,9998.0,ificom-2020.xlsx,2020
NOUVELLE-AQUITAINE,HAUTE-VIENNE,87085,LIMOGES,138.0,2373323.0,11236.0,ificom-2021.xlsx,2021
NOUVELLE-AQUITAINE,HAUTE-VIENNE,87085,LIMOGES,149.0,2314909.0,10543.0,ificom-2022.xlsx,2022
ILE-DE-FRANCE,VAL-DE-MARNE,94046,MAISONS-ALFORT,110.0,2081845.0,7917.0,ificom-2019.xls,2019
ILE-DE-FRANCE,VAL-DE-MARNE,94046,MAISONS-ALFORT,118.0,2113140.0,8178.000000000001,ificom-2020.xlsx,2020
ILE-DE-FRANCE,VAL-DE-MARNE,94046,MAISONS-ALFORT,126.0,2146757.0,8447.0,ificom-2021.xlsx,2021
ILE-DE-FRANCE,VAL-DE-MARNE,94046,MAISONS-ALFORT,136.0,2163052.0,8631.0,ificom-2022.xlsx,2022
ILE-DE-FRANCE,YVELINES,78358,MAISONS-LAFFITTE,231.0,2038385.0,7143.0,ificom-2019.xls,2019
ILE-DE-FRANCE,YVELINES,78358,MAISONS-LAFFITTE,240.0,2142351.0,8090.999999999999,ificom-2020.xlsx,2020
ILE-DE-FRANCE,YVELINES,78358,MAISONS-LAFFITTE,257.0,2136473.0,8198.0,ificom-2021.xlsx,2021
ILE-DE-FRANCE,YVELINES,78358,MAISONS-LAFFITTE,301.0,2131771.0,8021.0,ificom-2022.xlsx,2022
ILE-DE-FRANCE,HAUTS-DE-SEINE,92046,MALAKOFF,62.0,2336846.0,9058.0,ificom-2019.xls,2019
ILE-DE-FRANCE,HAUTS-DE-SEINE,92046,MALAKOFF,67.0,2263465.0,8779.0,ificom-2020.xlsx,2020
ILE-DE-FRANCE,HAUTS-DE-SEINE,92046,MALAKOFF,80.0,2330760.0,9330.0,ificom-2021.xlsx,2021
ILE-DE-FRANCE,HAUTS-DE-SEINE,92046,MALAKOFF,88.0,2339674.0,9523.0,ificom-2022.xlsx,2022
PROVENCE-ALPES-COTE D'AZUR,ALPES-MARITIMES,06079,MANDELIEU LA NAPOULE,127.0,2395674.0,12211.0,ificom-2019.xls,2019
PROVENCE-ALPES-COTE D'AZUR,ALPES-MARITIMES,06079,MANDELIEU LA NAPOULE,116.0,2493737.0,13506.0,ificom-2020.xlsx,2020
PROVENCE-ALPES-COTE D'AZUR,ALPES-MARITIMES,06079,MANDELIEU LA NAPOULE,119.0,2624613.0,15158.0,ificom-2021.xlsx,2021
PROVENCE-ALPES-COTE D'AZUR,ALPES-MARITIMES,06079,MANDELIEU LA NAPOULE,135.0,2583542.0,14558.0,ificom-2022.xlsx,2022
LES-HAUTS-DE-FRANCE,NORD,59378,MARCQ EN BAROEUL,227.0,2346145.0,8927.0,ificom-2019.xls,2019
LES-HAUTS-DE-FRANCE,NORD,59378,MARCQ EN BAROEUL,228.0,2388338.0,8570.0,ificom-2020.xlsx,2020
LES-HAUTS-DE-FRANCE,NORD,59378,MARCQ EN BAROEUL,248.0,2361357.0,8036.0,ificom-2021.xlsx,2021
LES-HAUTS-DE-FRANCE,NORD,59378,MARCQ EN BAROEUL,288.0,2319071.0,8630.0,ificom-2022.xlsx,2022
ILE-DE-FRANCE,SEINE-ET-MARNE,77284,MEAUX,53.0,2100117.0,7635.0,ificom-2020.xlsx,2020
ILE-DE-FRANCE,SEINE-ET-MARNE,77284,MEAUX,59.0,2080362.0,7457.0,ificom-2021.xlsx,2021
ILE-DE-FRANCE,SEINE-ET-MARNE,77284,MEAUX,61.0,2127553.0,7920.0,ificom-2022.xlsx,2022
PROVENCE-ALPES-COTE D'AZUR,ALPES-MARITIMES,06083,MENTON,90.0,1832887.0,5801.0,ificom-2019.xls,2019
PROVENCE-ALPES-COTE D'AZUR,ALPES-MARITIMES,06083,MENTON,86.0,1845684.0,6238.0,ificom-2020.xlsx,2020
PROVENCE-ALPES-COTE D'AZUR,ALPES-MARITIMES,06083,MENTON,97.0,2028443.0,6979.0,ificom-2021.xlsx,2021
PROVENCE-ALPES-COTE D'AZUR,ALPES-MARITIMES,06083,MENTON,93.0,2086052.0,8343.0,ificom-2022.xlsx,2022
NOUVELLE-AQUITAINE,GIRONDE,33281,MERIGNAC,145.0,2145902.0,9426.0,ificom-2019.xls,2019
NOUVELLE-AQUITAINE,GIRONDE,33281,MERIGNAC,152.0,2139603.0,8930.0,ificom-2020.xlsx,2020
NOUVELLE-AQUITAINE,GIRONDE,33281,MERIGNAC,165.0,2257744.0,9734.0,ificom-2021.xlsx,2021
NOUVELLE-AQUITAINE,GIRONDE,33281,MERIGNAC,177.0,2204196.0,9551.0,ificom-2022.xlsx,2022
GRAND-EST,MOSELLE,57463,METZ,131.0,2142112.0,8509.0,ificom-2019.xls,2019
GRAND-EST,MOSELLE,57463,METZ,129.0,2175512.0,8769.0,ificom-2020.xlsx,2020
GRAND-EST,MOSELLE,57463,METZ,131.0,2288340.0,9985.0,ificom-2021.xlsx,2021
GRAND-EST,MOSELLE,57463,METZ,134.0,2280630.0,9379.0,ificom-2022.xlsx,2022
ILE-DE-FRANCE,HAUTS-DE-SEINE,92048,MEUDON,360.0,2104584.0,7519.0,ificom-2019.xls,2019
ILE-DE-FRANCE,HAUTS-DE-SEINE,92048,MEUDON,379.0,2118038.0,7706.0,ificom-2020.xlsx,2020
ILE-DE-FRANCE,HAUTS-DE-SEINE,92048,MEUDON,412.0,2105975.0,7404.0,ificom-2021.xlsx,2021
ILE-DE-FRANCE,HAUTS-DE-SEINE,92048,MEUDON,467.0,2116213.0,7413.0,ificom-2022.xlsx,2022
PROVENCE-ALPES-COTE D'AZUR,ALPES-MARITIMES,06900,MONACO,612.0,3574723.0,23934.0,ificom-2019.xls,2019
PROVENCE-ALPES-COTE D'AZUR,ALPES-MARITIMES,06900,MONACO,647.0,3607926.0,24817.0,ificom-2020.xlsx,2020
PROVENCE-ALPES-COTE D'AZUR,ALPES-MARITIMES,06900,MONACO,694.0,3821046.0,27026.0,ificom-2021.xlsx,2021
OCCITANIE,TARN-ET-GARONNE,82121,MONTAUBAN,70.0,1940250.0,6901.0,ificom-2019.xls,2019
OCCITANIE,TARN-ET-GARONNE,82121,MONTAUBAN,70.0,1970725.0,7169.0,ificom-2020.xlsx,2020
OCCITANIE,TARN-ET-GARONNE,82121,MONTAUBAN,77.0,1976514.0,7066.0,ificom-2021.xlsx,2021
OCCITANIE,TARN-ET-GARONNE,82121,MONTAUBAN,78.0,2114443.0,8140.0,ificom-2022.xlsx,2022
AUVERGNE-RHONE-ALPES,DROME,26198,MONTELIMAR,53.0,2052084.0,7850.0,ificom-2021.xlsx,2021
AUVERGNE-RHONE-ALPES,DROME,26198,MONTELIMAR,61.0,2198308.0,9430.0,ificom-2022.xlsx,2022
ILE-DE-FRANCE,ESSONNE,91421,MONTGERON,58.0,2314293.0,10561.0,ificom-2021.xlsx,2021
ILE-DE-FRANCE,ESSONNE,91421,MONTGERON,62.0,2442476.0,11803.0,ificom-2022.xlsx,2022
ILE-DE-FRANCE,VAL-D'OISE,95428,MONTMORENCY,118.0,2319776.0,9963.0,ificom-2019.xls,2019
ILE-DE-FRANCE,VAL-D'OISE,95428,MONTMORENCY,117.0,2353003.0,11105.0,ificom-2020.xlsx,2020
ILE-DE-FRANCE,VAL-D'OISE,95428,MONTMORENCY,122.0,2405212.0,10699.0,ificom-2021.xlsx,2021
ILE-DE-FRANCE,VAL-D'OISE,95428,MONTMORENCY,137.0,2368405.0,10204.0,ificom-2022.xlsx,2022
OCCITANIE,HERAULT,34172,MONTPELLIER,440.0,2107945.0,8238.0,ificom-2019.xls,2019
OCCITANIE,HERAULT,34172,MONTPELLIER,433.0,2289473.0,8819.0,ificom-2020.xlsx,2020
OCCITANIE,HERAULT,34172,MONTPELLIER,470.0,2149149.0,8448.0,ificom-2021.xlsx,2021
OCCITANIE,HERAULT,34172,MONTPELLIER,481.0,2198533.0,9275.0,ificom-2022.xlsx,2022
ILE-DE-FRANCE,SEINE-SAINT-DENIS,93048,MONTREUIL SOUS BOIS,87.0,2009584.0,6921.0,ificom-2019.xls,2019
ILE-DE-FRANCE,SEINE-SAINT-DENIS,93048,MONTREUIL SOUS BOIS,102.0,1958129.0,7102.0,ificom-2020.xlsx,2020
ILE-DE-FRANCE,SEINE-SAINT-DENIS,93048,MONTREUIL SOUS BOIS,115.0,2006194.0,7331.0,ificom-2021.xlsx,2021
ILE-DE-FRANCE,SEINE-SAINT-DENIS,93048,MONTREUIL SOUS BOIS,134.0,1966861.0,7117.0,ificom-2022.xlsx,2022
ILE-DE-FRANCE,HAUTS-DE-SEINE,92049,MONTROUGE,179.0,2194745.0,9744.0,ificom-2019.xls,2019
ILE-DE-FRANCE,HAUTS-DE-SEINE,92049,MONTROUGE,198.0,2143076.0,9341.0,ificom-2020.xlsx,2020
ILE-DE-FRANCE,HAUTS-DE-SEINE,92049,MONTROUGE,221.0,2166077.0,9359.0,ificom-2021.xlsx,2021
ILE-DE-FRANCE,HAUTS-DE-SEINE,92049,MONTROUGE,246.0,2152624.0,9205.0,ificom-2022.xlsx,2022
PROVENCE-ALPES-COTE D'AZUR,ALPES-MARITIMES,06085,MOUGINS,269.0,2274836.0,10156.0,ificom-2022.xlsx,2022
GRAND-EST,HAUT-RHIN,68224,MULHOUSE,84.0,2240180.0,9768.0,ificom-2019.xls,2019
GRAND-EST,HAUT-RHIN,68224,MULHOUSE,81.0,2249483.0,9727.0,ificom-2020.xlsx,2020
GRAND-EST,HAUT-RHIN,68224,MULHOUSE,84.0,2275915.0,9669.0,ificom-2021.xlsx,2021
GRAND-EST,HAUT-RHIN,68224,MULHOUSE,90.0,2317745.0,10136.0,ificom-2022.xlsx,2022
GRAND-EST,MEURTHE-ET-MOSELLE,54395,NANCY,184.0,2314728.0,8874.0,ificom-2019.xls,2019
GRAND-EST,MEURTHE-ET-MOSELLE,54395,NANCY,187.0,2374111.0,11623.0,ificom-2020.xlsx,2020
GRAND-EST,MEURTHE-ET-MOSELLE,54395,NANCY,196.0,2394349.0,9595.0,ificom-2021.xlsx,2021
GRAND-EST,MEURTHE-ET-MOSELLE,54395,NANCY,210.0,2406796.0,9761.0,ificom-2022.xlsx,2022
ILE-DE-FRANCE,HAUTS-DE-SEINE,92050,NANTERRE,93.0,2105610.0,8334.0,ificom-2019.xls,2019
ILE-DE-FRANCE,HAUTS-DE-SEINE,92050,NANTERRE,98.0,2119191.0,8468.0,ificom-2020.xlsx,2020
ILE-DE-FRANCE,HAUTS-DE-SEINE,92050,NANTERRE,100.0,2084585.0,8144.0,ificom-2021.xlsx,2021
ILE-DE-FRANCE,HAUTS-DE-SEINE,92050,NANTERRE,110.0,2167359.0,8826.0,ificom-2022.xlsx,2022
PAYS DE LA LOIRE,LOIRE-ATLANTIQUE,44109,NANTES,842.0,2206265.0,9026.0,ificom-2019.xls,2019
PAYS DE LA LOIRE,LOIRE-ATLANTIQUE,44109,NANTES,897.0,2264963.0,9383.0,ificom-2020.xlsx,2020
PAYS DE LA LOIRE,LOIRE-ATLANTIQUE,44109,NANTES,985.0,2263115.0,9294.0,ificom-2021.xlsx,2021
OCCITANIE,AUDE,11262,NARBONNE,52.0,1966821.0,7355.0,ificom-2019.xls,2019
OCCITANIE,AUDE,11262,NARBONNE,52.0,2002954.0,7671.0,ificom-2020.xlsx,2020
OCCITANIE,AUDE,11262,NARBONNE,61.0,2038151.0,8112.0,ificom-2021.xlsx,2021
OCCITANIE,AUDE,11262,NARBONNE,67.0,2057986.0,8138.0,ificom-2022.xlsx,2022
OCCITANIE,GARD,30189,NIMES,209.0,2004702.0,7771.0,ificom-2019.xls,2019
OCCITANIE,GARD,30189,NIMES,207.0,2071124.9999999998,8384.0,ificom-2020.xlsx,2020
OCCITANIE,GARD,30189,NIMES,217.0,2145679.0,8911.0,ificom-2021.xlsx,2021
OCCITANIE,GARD,30189,NIMES,237.0,2192135.0,9472.0,ificom-2022.xlsx,2022
NOUVELLE-AQUITAINE,DEUX-SEVRES,79191,NIORT,52.0,2256245.0,10203.0,ificom-2019.xls,2019
NOUVELLE-AQUITAINE,DEUX-SEVRES,79191,NIORT,51.0,2266692.0,10292.0,ificom-2020.xlsx,2020
NOUVELLE-AQUITAINE,DEUX-SEVRES,79191,NIORT,54.0,2211150.0,9419.0,ificom-2021.xlsx,2021
NOUVELLE-AQUITAINE,DEUX-SEVRES,79191,NIORT,56.0,2119336.0,7370.0,ificom-2022.xlsx,2022
ILE-DE-FRANCE,VAL-DE-MARNE,94052,NOGENT SUR MARNE,312.0,2801745.0,8373.0,ificom-2019.xls,2019
ILE-DE-FRANCE,VAL-DE-MARNE,94052,NOGENT SUR MARNE,314.0,2845109.0,8549.0,ificom-2020.xlsx,2020
ILE-DE-FRANCE,VAL-DE-MARNE,94052,NOGENT SUR MARNE,313.0,2945152.0,9252.0,ificom-2021.xlsx,2021
ILE-DE-FRANCE,VAL-DE-MARNE,94052,NOGENT SUR MARNE,338.0,2877186.0,9524.0,ificom-2022.xlsx,2022
ILE-DE-FRANCE,SEINE-SAINT-DENIS,93051,NOISY LE GRAND,59.0,2293357.0,9331.0,ificom-2019.xls,2019
ILE-DE-FRANCE,SEINE-SAINT-DENIS,93051,NOISY LE GRAND,60.0,2355900.0,10328.0,ificom-2020.xlsx,2020
ILE-DE-FRANCE,SEINE-SAINT-DENIS,93051,NOISY LE GRAND,60.0,2322390.0,10276.0,ificom-2021.xlsx,2021
ILE-DE-FRANCE,SEINE-SAINT-DENIS,93051,NOISY LE GRAND,64.0,2351088.0,9794.0,ificom-2022.xlsx,2022
CENTRE-VAL DE LOIRE,LOIRET,45232,OLIVET,51.0,2350296.0,10761.0,ificom-2021.xlsx,2021
CENTRE-VAL DE LOIRE,LOIRET,45232,OLIVET,55.0,2489825.0,11836.0,ificom-2022.xlsx,2022
CENTRE-VAL DE LOIRE,LOIRET,45234,ORLEANS,148.0,2280243.0,9592.0,ificom-2019.xls,2019
CENTRE-VAL DE LOIRE,LOIRET,45234,ORLEANS,141.0,2347640.0,9885.0,ificom-2020.xlsx,2020
CENTRE-VAL DE LOIRE,LOIRET,45234,ORLEANS,154.0,2278514.0,9334.0,ificom-2021.xlsx,2021
CENTRE-VAL DE LOIRE,LOIRET,45234,ORLEANS,176.0,2291263.0,9533.0,ificom-2022.xlsx,2022
PAYS DE LA LOIRE,LOIRE-ATLANTIQUE,44114,ORVAULT,51.0,1880747.0,5680.0,ificom-2019.xls,2019
PAYS DE LA LOIRE,LOIRE-ATLANTIQUE,44114,ORVAULT,57.0,1891902.0,6495.0,ificom-2020.xlsx,2020
PAYS DE LA LOIRE,LOIRE-ATLANTIQUE,44114,ORVAULT,62.0,2021138.0,7518.0,ificom-2021.xlsx,2021
PAYS DE LA LOIRE,LOIRE-ATLANTIQUE,44114,ORVAULT,73.0,2029909.0,7528.0,ificom-2022.xlsx,2022
ILE-DE-FRANCE,ESSONNE,91477,PALAISEAU,51.0,3234389.0,14644.0,ificom-2019.xls,2019
ILE-DE-FRANCE,ESSONNE,91477,PALAISEAU,55.0,3043483.0,11759.0,ificom-2020.xlsx,2020
ILE-DE-FRANCE,ESSONNE,91477,PALAISEAU,65.0,2930254.0,10310.0,ificom-2021.xlsx,2021
ILE-DE-FRANCE,ESSONNE,91477,PALAISEAU,76.0,2782407.0,9944.0,ificom-2022.xlsx,2022
ILE-DE-FRANCE,PARIS,75110,PARIS 10e,530.0,2166497.0,8407.0,ificom-2019.xls,2019
ILE-DE-FRANCE,PARIS,75110,PARIS 10e,593.0,2143113.0,8192.0,ificom-2020.xlsx,2020
ILE-DE-FRANCE,PARIS,75110,PARIS 10e,637.0,2178027.0,8359.0,ificom-2021.xlsx,2021
ILE-DE-FRANCE,PARIS,75110,PARIS 10e,714.0,2183052.0,8458.0,ificom-2022.xlsx,2022
ILE-DE-FRANCE,PARIS,75113,PARIS 13e,936.0,2156244.0,8602.0,ificom-2019.xls,2019
ILE-DE-FRANCE,PARIS,75118,PARIS 18e,799.0,2465575.0,11154.0,ificom-2019.xls,2019
ILE-DE-FRANCE,PARIS,75118,PARIS 18e,823.0,2598371.0,11427.0,ificom-2020.xlsx,2020
ILE-DE-FRANCE,PARIS,75118,PARIS 18e,875.0,2521034.0,11273.0,ificom-2021.xlsx,2021
ILE-DE-FRANCE,PARIS,75118,PARIS 18e,948.0,2547934.0,11627.0,ificom-2022.xlsx,2022
ILE-DE-FRANCE,PARIS,75119,PARIS 19e,471.0,2226403.0,8683.0,ificom-2019.xls,2019
ILE-DE-FRANCE,PARIS,75119,PARIS 19e,498.0,2258958.0,8891.0,ificom-2020.xlsx,2020
ILE-DE-FRANCE,PARIS,75119,PARIS 19e,541.0,2275077.0,8813.0,ificom-2021.xlsx,2021
ILE-DE-FRANCE,PARIS,75119,PARIS 19e,594.0,2385687.0,9972.0,ificom-2022.xlsx,2022
ILE-DE-FRANCE,PARIS,75101,PARIS 1er,517.0,2755940.0,13402.0,ificom-2019.xls,2019
ILE-DE-FRANCE,PARIS,75101,PARIS 1er,539.0,2805955.0,13503.0,ificom-2020.xlsx,2020
ILE-DE-FRANCE,PARIS,75101,PARIS 1er,572.0,2847199.0,13625.0,ificom-2021.xlsx,2021
ILE-DE-FRANCE,PARIS,75101,PARIS 1er,589.0,2832589.0,14142.0,ificom-2022.xlsx,2022
ILE-DE-FRANCE,PARIS,75120,PARIS 20e,469.0,2092449.0,8136.0,ificom-2019.xls,2019
ILE-DE-FRANCE,PARIS,75120,PARIS 20e,510.0,2155114.0,8655.0,ificom-2020.xlsx,2020
ILE-DE-FRANCE,PARIS,75120,PARIS 20e,556.0,2222816.0,8489.0,ificom-2021.xlsx,2021
ILE-DE-FRANCE,PARIS,75120,PARIS 20e,599.0,2216894.0,8527.0,ificom-2022.xlsx,2022
ILE-DE-FRANCE,PARIS,75102,PARIS 2e,303.0,2361067.0,10649.0,ificom-2019.xls,2019
ILE-DE-FRANCE,PARIS,75102,PARIS 2e,310.0,2393482.0,10928.0,ificom-2020.xlsx,2020
ILE-DE-FRANCE,PARIS,75102,PARIS 2e,344.0,2357418.0,10614.0,ificom-2021.xlsx,2021
ILE-DE-FRANCE,PARIS,75102,PARIS 2e,385.0,2473198.0,11162.0,ificom-2022.xlsx,2022
ILE-DE-FRANCE,PARIS,75103,PARIS 3e,742.0,2531358.0,12101.0,ificom-2019.xls,2019
ILE-DE-FRANCE,PARIS,75103,PARIS 3e,778.0,2552963.0,12493.0,ificom-2020.xlsx,2020
ILE-DE-FRANCE,PARIS,75103,PARIS 3e,848.0,2601499.0,12215.0,ificom-2021.xlsx,2021
ILE-DE-FRANCE,PARIS,75103,PARIS 3e,887.0,2653122.0,13157.0,ificom-2022.xlsx,2022
ILE-DE-FRANCE,PARIS,75104,PARIS 4e,836.0,2761867.0,13712.0,ificom-2019.xls,2019
ILE-DE-FRANCE,PARIS,75104,PARIS 4e,872.0,2757815.0,13092.0,ificom-2020.xlsx,2020
ILE-DE-FRANCE,PARIS,75104,PARIS 4e,924.0,2813386.0,14092.0,ificom-2021.xlsx,2021
ILE-DE-FRANCE,PARIS,75104,PARIS 4e,954.0,2831332.0,14004.0,ificom-2022.xlsx,2022
NOUVELLE-AQUITAINE,PYRENEES-ATLANTIQUES,64445,PAU,100.0,1868959.0,6301.0,ificom-2019.xls,2019
NOUVELLE-AQUITAINE,PYRENEES-ATLANTIQUES,64445,PAU,112.0,1895825.0,6563.0,ificom-2020.xlsx,2020
NOUVELLE-AQUITAINE,PYRENEES-ATLANTIQUES,64445,PAU,109.0,2012327.0,7221.0,ificom-2021.xlsx,2021
NOUVELLE-AQUITAINE,PYRENEES-ATLANTIQUES,64445,PAU,117.0,2086255.0,7608.0,ificom-2022.xlsx,2022
OCCITANIE,PYRENEES-ORIENTALES,66136,PERPIGNAN,133.0,2096482.0,8602.0,ificom-2019.xls,2019
OCCITANIE,PYRENEES-ORIENTALES,66136,PERPIGNAN,128.0,2137267.0,8836.0,ificom-2020.xlsx,2020
OCCITANIE,PYRENEES-ORIENTALES,66136,PERPIGNAN,131.0,2199415.0,9303.0,ificom-2021.xlsx,2021
OCCITANIE,PYRENEES-ORIENTALES,66136,PERPIGNAN,136.0,2203538.0,9390.0,ificom-2022.xlsx,2022
NOUVELLE-AQUITAINE,GIRONDE,33318,PESSAC,109.0,1935728.0,6363.0,ificom-2019.xls,2019
NOUVELLE-AQUITAINE,GIRONDE,33318,PESSAC,118.0,2078917.9999999998,7077.0,ificom-2020.xlsx,2020
NOUVELLE-AQUITAINE,GIRONDE,33318,PESSAC,121.0,2198055.0,8304.0,ificom-2021.xlsx,2021
NOUVELLE-AQUITAINE,GIRONDE,33318,PESSAC,132.0,2229603.0,8621.0,ificom-2022.xlsx,2022
NOUVELLE-AQUITAINE,VIENNE,86194,POITIERS,94.0,1969541.0,7114.0,ificom-2019.xls,2019
NOUVELLE-AQUITAINE,VIENNE,86194,POITIERS,88.0,2020657.0,7501.0,ificom-2020.xlsx,2020
NOUVELLE-AQUITAINE,VIENNE,86194,POITIERS,99.0,1987967.0,7268.0,ificom-2021.xlsx,2021
NOUVELLE-AQUITAINE,VIENNE,86194,POITIERS,103.0,2018790.0,7477.0,ificom-2022.xlsx,2022
ILE-DE-FRANCE,HAUTS-DE-SEINE,92062,PUTEAUX,121.0,2115114.0,8564.0,ificom-2019.xls,2019
ILE-DE-FRANCE,HAUTS-DE-SEINE,92062,PUTEAUX,134.0,2121506.0,8477.0,ificom-2020.xlsx,2020
ILE-DE-FRANCE,HAUTS-DE-SEINE,92062,PUTEAUX,143.0,2128067.0,8470.0,ificom-2021.xlsx,2021
ILE-DE-FRANCE,HAUTS-DE-SEINE,92062,PUTEAUX,160.0,2236466.0,9574.0,ificom-2022.xlsx,2022
BRETAGNE,FINISTERE,29232,QUIMPER,53.0,2334000.0,10441.0,ificom-2022.xlsx,2022
ILE-DE-FRANCE,YVELINES,78517,RAMBOUILLET,84.0,2043989.0,7759.0,ificom-2019.xls,2019
ILE-DE-FRANCE,YVELINES,78517,RAMBOUILLET,80.0,2105455.0,8385.0,ificom-2020.xlsx,2020
ILE-DE-FRANCE,YVELINES,78517,RAMBOUILLET,82.0,2108517.0,7890.0,ificom-2021.xlsx,2021
ILE-DE-FRANCE,YVELINES,78517,RAMBOUILLET,91.0,2117592.0,8080.0,ificom-2022.xlsx,2022
GRAND-EST,MARNE,51454,REIMS,243.0,2145815.0,8335.0,ificom-2019.xls,2019
GRAND-EST,MARNE,51454,REIMS,254.0,2083609.0,7917.0,ificom-2020.xlsx,2020
GRAND-EST,MARNE,51454,REIMS,258.0,2157480.0,8544.0,ificom-2021.xlsx,2021
GRAND-EST,MARNE,51454,REIMS,292.0,2203260.0,8888.0,ificom-2022.xlsx,2022
BRETAGNE,ILLE-ET-VILAINE,35238,RENNES,491.0,2394287.0,10633.0,ificom-2019.xls,2019
BRETAGNE,ILLE-ET-VILAINE,35238,RENNES,514.0,2437244.0,11005.0,ificom-2020.xlsx,2020
BRETAGNE,ILLE-ET-VILAINE,35238,RENNES,572.0,2462023.0,11004.0,ificom-2021.xlsx,2021
BRETAGNE,ILLE-ET-VILAINE,35238,RENNES,651.0,2483808.0,11233.0,ificom-2022.xlsx,2022
NORMANDIE,SEINE-MARITIME,76540,ROUEN,158.0,2102109.0,8472.0,ificom-2019.xls,2019
NORMANDIE,SEINE-MARITIME,76540,ROUEN,152.0,2145965.0,8751.0,ificom-2020.xlsx,2020
NORMANDIE,SEINE-MARITIME,76540,ROUEN,166.0,2168910.0,8814.0,ificom-2021.xlsx,2021
NORMANDIE,SEINE-MARITIME,76540,ROUEN,197.0,2156208.0,8387.0,ificom-2022.xlsx,2022
ILE-DE-FRANCE,HAUTS-DE-SEINE,92063,RUEIL MALMAISON,646.0,2145530.0,8067.0,ificom-2019.xls,2019
ILE-DE-FRANCE,HAUTS-DE-SEINE,92063,RUEIL MALMAISON,666.0,2145313.0,7956.0,ificom-2020.xlsx,2020
ILE-DE-FRANCE,HAUTS-DE-SEINE,92063,RUEIL MALMAISON,734.0,2193654.0,8267.0,ificom-2021.xlsx,2021
ILE-DE-FRANCE,HAUTS-DE-SEINE,92063,RUEIL MALMAISON,808.0,2244483.0,8509.0,ificom-2022.xlsx,2022
ILE-DE-FRANCE,HAUTS-DE-SEINE,92064,SAINT CLOUD,618.0,2395348.0,10151.0,ificom-2019.xls,2019
ILE-DE-FRANCE,HAUTS-DE-SEINE,92064,SAINT CLOUD,625.0,2421389.0,10363.0,ificom-2020.xlsx,2020
ILE-DE-FRANCE,HAUTS-DE-SEINE,92064,SAINT CLOUD,659.0,2414712.0,10438.0,ificom-2021.xlsx,2021
ILE-DE-FRANCE,HAUTS-DE-SEINE,92064,SAINT CLOUD,710.0,2444826.0,10728.0,ificom-2022.xlsx,2022
LA REUNION,LA REUNION,97411,SAINT DENIS,291.0,2324532.0,10569.0,ificom-2019.xls,2019
LA REUNION,LA REUNION,97411,SAINT DENIS,293.0,2383615.0,11004.0,ificom-2020.xlsx,2020
LA REUNION,LA REUNION,97411,SAINT DENIS,292.0,2488467.0,11464.0,ificom-2021.xlsx,2021
LA REUNION,LA REUNION,97411,SAINT DENIS,309.0,2448651.0,10902.0,ificom-2022.xlsx,2022
AUVERGNE-RHONE-ALPES,LOIRE,42218,SAINT ETIENNE,83.0,1895126.0,6012.0,ificom-2019.xls,2019
AUVERGNE-RHONE-ALPES,LOIRE,42218,SAINT ETIENNE,78.0,1888188.0,6107.0,ificom-2020.xlsx,2020
AUVERGNE-RHONE-ALPES,LOIRE,42218,SAINT ETIENNE,78.0,2041352.0,7594.0,ificom-2021.xlsx,2021
AUVERGNE-RHONE-ALPES,LOIRE,42218,SAINT ETIENNE,77.0,2037480.0,7431.0,ificom-2022.xlsx,2022
PROVENCE-ALPES-COTE D'AZUR,ALPES-MARITIMES,06123,SAINT LAURENT DU VAR,87.0,2188938.0,9157.0,ificom-2019.xls,2019
PROVENCE-ALPES-COTE D'AZUR,ALPES-MARITIMES,06123,SAINT LAURENT DU VAR,82.0,2140158.0,8355.0,ificom-2020.xlsx,2020
PROVENCE-ALPES-COTE D'AZUR,ALPES-MARITIMES,06123,SAINT LAURENT DU VAR,84.0,2259076.0,9356.0,ificom-2021.xlsx,2021
PROVENCE-ALPES-COTE D'AZUR,ALPES-MARITIMES,06123,SAINT LAURENT DU VAR,87.0,2342226.0,10307.0,ificom-2022.xlsx,2022
BRETAGNE,ILLE-ET-VILAINE,35288,SAINT MALO,148.0,2260030.0,10314.0,ificom-2019.xls,2019
BRETAGNE,ILLE-ET-VILAINE,35288,SAINT MALO,175.0,2206337.0,9449.0,ificom-2020.xlsx,2020
BRETAGNE,ILLE-ET-VILAINE,35288,SAINT MALO,197.0,2218192.0,9596.0,ificom-2021.xlsx,2021
BRETAGNE,ILLE-ET-VILAINE,35288,SAINT MALO,238.0,2260465.0,9930.0,ificom-2022.xlsx,2022
ILE-DE-FRANCE,VAL-DE-MARNE,94067,SAINT MANDE,401.0,2466876.0,11607.0,ificom-2019.xls,2019
ILE-DE-FRANCE,VAL-DE-MARNE,94067,SAINT MANDE,419.0,2495415.0,10864.0,ificom-2020.xlsx,2020
ILE-DE-FRANCE,VAL-DE-MARNE,94067,SAINT MANDE,436.0,2466345.0,11091.0,ificom-2021.xlsx,2021
ILE-DE-FRANCE,VAL-DE-MARNE,94067,SAINT MANDE,455.0,2447837.0,10832.0,ificom-2022.xlsx,2022
ILE-DE-FRANCE,VAL-DE-MARNE,94068,SAINT MAUR DES FOSSES,682.0,2208193.0,9262.0,ificom-2019.xls,2019
ILE-DE-FRANCE,VAL-DE-MARNE,94068,SAINT MAUR DES FOSSES,668.0,2207442.0,8997.0,ificom-2020.xlsx,2020
ILE-DE-FRANCE,VAL-DE-MARNE,94068,SAINT MAUR DES FOSSES,744.0,2226866.0,9098.0,ificom-2021.xlsx,2021
ILE-DE-FRANCE,VAL-DE-MARNE,94068,SAINT MAUR DES FOSSES,805.0,2249083.0,9264.0,ificom-2022.xlsx,2022
LA REUNION,LA REUNION,97415,SAINT PAUL,174.0,2161052.0,9064.0,ificom-2019.xls,2019
LA REUNION,LA REUNION,97415,SAINT PAUL,175.0,2144491.0,8940.0,ificom-2020.xlsx,2020
LA REUNION,LA REUNION,97415,SAINT PAUL,186.0,2207109.0,9516.0,ificom-2021.xlsx,2021
LA REUNION,LA REUNION,97415,SAINT PAUL,208.0,2205636.0,9531.0,ificom-2022.xlsx,2022
LA REUNION,LA REUNION,97416,SAINT PIERRE,108.0,2495870.0,12228.0,ificom-2019.xls,2019
LA REUNION,LA REUNION,97416,SAINT PIERRE,111.0,2385917.0,11002.0,ificom-2020.xlsx,2020
LA REUNION,LA REUNION,97416,SAINT PIERRE,115.0,2437165.0,11334.0,ificom-2021.xlsx,2021
LA REUNION,LA REUNION,97416,SAINT PIERRE,119.0,2383185.0,10730.0,ificom-2022.xlsx,2022
AUVERGNE-RHONE-ALPES,RHONE,69204,SAINT-GENIS-LAVAL,63.0,2086475.0,7987.0,ificom-2019.xls,2019
AUVERGNE-RHONE-ALPES,RHONE,69204,SAINT-GENIS-LAVAL,63.0,2131247.0,7620.0,ificom-2020.xlsx,2020
AUVERGNE-RHONE-ALPES,RHONE,69204,SAINT-GENIS-LAVAL,68.0,2191812.0,7998.0,ificom-2021.xlsx,2021
AUVERGNE-RHONE-ALPES,RHONE,69204,SAINT-GENIS-LAVAL,78.0,2178521.0,8276.0,ificom-2022.xlsx,2022
ILE-DE-FRANCE,YVELINES,78551,SAINT-GERMAIN-EN-LAYE,514.0,2196506.0,8199.0,ificom-2019.xls,2019
ILE-DE-FRANCE,YVELINES,78551,SAINT-GERMAIN-EN-LAYE,612.0,2183282.0,7928.0,ificom-2020.xlsx,2020
ILE-DE-FRANCE,YVELINES,78551,SAINT-GERMAIN-EN-LAYE,651.0,2213228.0,8133.0,ificom-2021.xlsx,2021
ILE-DE-FRANCE,YVELINES,78551,SAINT-GERMAIN-EN-LAYE,688.0,2246020.0,8564.0,ificom-2022.xlsx,2022
NOUVELLE-AQUITAINE,GIRONDE,33449,SAINT-MEDARD-EN-JALLES,52.0,2105352.0,8445.0,ificom-2019.xls,2019
NOUVELLE-AQUITAINE,GIRONDE,33449,SAINT-MEDARD-EN-JALLES,52.0,2165972.0,8293.0,ificom-2020.xlsx,2020
NOUVELLE-AQUITAINE,GIRONDE,33449,SAINT-MEDARD-EN-JALLES,51.0,2251278.0,8852.0,ificom-2021.xlsx,2021
NOUVELLE-AQUITAINE,GIRONDE,33449,SAINT-MEDARD-EN-JALLES,58.0,2248769.0,9611.0,ificom-2022.xlsx,2022
PROVENCE-ALPES-COTE D'AZUR,VAR,83118,SAINT-RAPHAEL,291.0,2152180.0,8804.0,ificom-2019.xls,2019
PROVENCE-ALPES-COTE D'AZUR,VAR,83118,SAINT-RAPHAEL,302.0,2191693.0,9322.0,ificom-2020.xlsx,2020
PROVENCE-ALPES-COTE D'AZUR,VAR,83118,SAINT-RAPHAEL,325.0,2178550.0,8901.0,ificom-2021.xlsx,2021
PROVENCE-ALPES-COTE D'AZUR,VAR,83118,SAINT-RAPHAEL,362.0,2146528.0,8610.0,ificom-2022.xlsx,2022
PROVENCE-ALPES-COTE D'AZUR,BOUCHES-DU-RHONE,13103,SALON DE PROVENCE,56.0,2016610.0,8472.0,ificom-2019.xls,2019
PROVENCE-ALPES-COTE D'AZUR,BOUCHES-DU-RHONE,13103,SALON DE PROVENCE,57.0,2137781.0,8241.0,ificom-2020.xlsx,2020
PROVENCE-ALPES-COTE D'AZUR,BOUCHES-DU-RHONE,13103,SALON DE PROVENCE,64.0,2217714.0,8902.0,ificom-2021.xlsx,2021
PROVENCE-ALPES-COTE D'AZUR,BOUCHES-DU-RHONE,13103,SALON DE PROVENCE,68.0,2243553.0,9623.0,ificom-2022.xlsx,2022
ILE-DE-FRANCE,HAUTS-DE-SEINE,92071,SCEAUX,403.0,2240038.0,8937.0,ificom-2022.xlsx,2022
OCCITANIE,HERAULT,34301,SETE,95.0,1988436.0,7271.0,ificom-2019.xls,2019
OCCITANIE,HERAULT,34301,SETE,100.0,2015683.9999999998,7706.0,ificom-2020.xlsx,2020
OCCITANIE,HERAULT,34301,SETE,97.0,2052067.0,8022.0,ificom-2021.xlsx,2021
OCCITANIE,HERAULT,34301,SETE,116.0,2075251.0,8080.0,ificom-2022.xlsx,2022
ILE-DE-FRANCE,HAUTS-DE-SEINE,92072,SEVRES,252.0,2039924.0,7388.0,ificom-2019.xls,2019
ILE-DE-FRANCE,HAUTS-DE-SEINE,92072,SEVRES,261.0,2091828.0,7787.0,ificom-2020.xlsx,2020
ILE-DE-FRANCE,HAUTS-DE-SEINE,92072,SEVRES,298.0,2068322.0,7585.0,ificom-2021.xlsx,2021
ILE-DE-FRANCE,HAUTS-DE-SEINE,92072,SEVRES,333.0,2134555.0,8225.0,ificom-2022.xlsx,2022
PROVENCE-ALPES-COTE D'AZUR,VAR,83129,SIX-FOURS-LES-PLAGES,108.0,2063007.0,7736.0,ificom-2019.xls,2019
PROVENCE-ALPES-COTE D'AZUR,VAR,83129,SIX-FOURS-LES-PLAGES,107.0,2097259.0,8164.999999999999,ificom-2020.xlsx,2020
PROVENCE-ALPES-COTE D'AZUR,VAR,83129,SIX-FOURS-LES-PLAGES,120.0,2086954.0,7992.0,ificom-2021.xlsx,2021
PROVENCE-ALPES-COTE D'AZUR,VAR,83129,SIX-FOURS-LES-PLAGES,137.0,2100343.0,8070.0,ificom-2022.xlsx,2022
ILE-DE-FRANCE,VAL-D'OISE,95555,ST GRATIEN,52.0,2101699.0,8347.0,ificom-2021.xlsx,2021
ILE-DE-FRANCE,VAL-D'OISE,95555,ST GRATIEN,60.0,2026099.0,7446.0,ificom-2022.xlsx,2022
PAYS DE LA LOIRE,LOIRE-ATLANTIQUE,44184,ST NAZAIRE,62.0,2160818.0,8746.0,ificom-2021.xlsx,2021
PAYS DE LA LOIRE,LOIRE-ATLANTIQUE,44184,ST NAZAIRE,71.0,2284011.0,9248.0,ificom-2022.xlsx,2022
AUVERGNE-RHONE-ALPES,RHONE,69202,STE FOY LES LYON,171.0,2209627.0,8766.0,ificom-2019.xls,2019
AUVERGNE-RHONE-ALPES,RHONE,69202,STE FOY LES LYON,170.0,2285840.0,9486.0,ificom-2020.xlsx,2020
AUVERGNE-RHONE-ALPES,RHONE,69202,STE FOY LES LYON,189.0,2252613.0,9028.0,ificom-2021.xlsx,2021
AUVERGNE-RHONE-ALPES,RHONE,69202,STE FOY LES LYON,210.0,2307658.0,9841.0,ificom-2022.xlsx,2022
GRAND-EST,BAS-RHIN,67482,STRASBOURG,647.0,2319361.0,9763.0,ificom-2019.xls,2019
GRAND-EST,BAS-RHIN,67482,STRASBOURG,655.0,2399379.0,10165.0,ificom-2020.xlsx,2020
GRAND-EST,BAS-RHIN,67482,STRASBOURG,711.0,2376319.0,9950.0,ificom-2021.xlsx,2021
GRAND-EST,BAS-RHIN,67482,STRASBOURG,772.0,2428332.0,10243.0,ificom-2022.xlsx,2022
ILE-DE-FRANCE,VAL-DE-MARNE,94071,SUCY EN BRIE,60.0,1954347.0,6987.0,ificom-2019.xls,2019
ILE-DE-FRANCE,VAL-DE-MARNE,94071,SUCY EN BRIE,60.0,2043044.0,7684.0,ificom-2020.xlsx,2020
ILE-DE-FRANCE,VAL-DE-MARNE,94071,SUCY EN BRIE,66.0,2030079.0,7283.0,ificom-2021.xlsx,2021
ILE-DE-FRANCE,VAL-DE-MARNE,94071,SUCY EN BRIE,73.0,2099084.0,8074.0,ificom-2022.xlsx,2022
ILE-DE-FRANCE,HAUTS-DE-SEINE,92073,SURESNES,246.0,2030228.0,7091.0,ificom-2019.xls,2019
ILE-DE-FRANCE,HAUTS-DE-SEINE,92073,SURESNES,262.0,2034503.0,7113.0,ificom-2020.xlsx,2020
ILE-DE-FRANCE,HAUTS-DE-SEINE,92073,SURESNES,290.0,2057632.0,7451.0,ificom-2021.xlsx,2021
ILE-DE-FRANCE,HAUTS-DE-SEINE,92073,SURESNES,325.0,2104393.0,7773.0,ificom-2022.xlsx,2022
NOUVELLE-AQUITAINE,GIRONDE,33522,TALENCE,83.0,2080981.0,8386.0,ificom-2019.xls,2019
NOUVELLE-AQUITAINE,GIRONDE,33522,TALENCE,88.0,2183650.0,8684.0,ificom-2020.xlsx,2020
NOUVELLE-AQUITAINE,GIRONDE,33522,TALENCE,96.0,2153829.0,8813.0,ificom-2021.xlsx,2021
NOUVELLE-AQUITAINE,GIRONDE,33522,TALENCE,107.0,2230194.0,9679.0,ificom-2022.xlsx,2022
LA REUNION,LA REUNION,97422,TAMPON,93.0,2145837.0,8875.0,ificom-2019.xls,2019
LA REUNION,LA REUNION,97422,TAMPON,93.0,2143365.0,8852.0,ificom-2020.xlsx,2020
LA REUNION,LA REUNION,97422,TAMPON,100.0,2115447.0,8301.0,ificom-2021.xlsx,2021
LA REUNION,LA REUNION,97422,TAMPON,95.0,2450843.0,11759.0,ificom-2022.xlsx,2022
AUVERGNE-RHONE-ALPES,RHONE,69244,TASSIN-LA-DEMI-LUNE,110.0,2124329.0,8085.0,ificom-2019.xls,2019
AUVERGNE-RHONE-ALPES,RHONE,69244,TASSIN-LA-DEMI-LUNE,108.0,2151524.0,7976.0,ificom-2020.xlsx,2020
AUVERGNE-RHONE-ALPES,RHONE,69244,TASSIN-LA-DEMI-LUNE,126.0,2191385.0,8551.0,ificom-2021.xlsx,2021
AUVERGNE-RHONE-ALPES,RHONE,69244,TASSIN-LA-DEMI-LUNE,142.0,2190777.0,8590.0,ificom-2022.xlsx,2022
GRAND-EST,MOSELLE,57672,THIONVILLE,63.0,1935286.0,6985.0,ificom-2019.xls,2019
GRAND-EST,MOSELLE,57672,THIONVILLE,60.0,2020480.0,7745.0,ificom-2020.xlsx,2020
GRAND-EST,MOSELLE,57672,THIONVILLE,62.0,2034484.0,7826.0,ificom-2021.xlsx,2021
GRAND-EST,MOSELLE,57672,THIONVILLE,67.0,2295044.0,10839.0,ificom-2022.xlsx,2022
AUVERGNE-RHONE-ALPES,HAUTE-SAVOIE,74281,THONON-LES-BAINS,88.0,2112336.0,8487.0,ificom-2019.xls,2019
AUVERGNE-RHONE-ALPES,HAUTE-SAVOIE,74281,THONON-LES-BAINS,90.0,2140392.0,8866.0,ificom-2020.xlsx,2020
AUVERGNE-RHONE-ALPES,HAUTE-SAVOIE,74281,THONON-LES-BAINS,94.0,2182223.0,9198.0,ificom-2021.xlsx,2021
AUVERGNE-RHONE-ALPES,HAUTE-SAVOIE,74281,THONON-LES-BAINS,102.0,2127144.0,8641.0,ificom-2022.xlsx,2022
PROVENCE-ALPES-COTE D'AZUR,VAR,83137,TOULON,243.0,2131695.0,8951.0,ificom-2019.xls,2019
PROVENCE-ALPES-COTE D'AZUR,VAR,83137,TOULON,241.0,2200455.0,9547.0,ificom-2020.xlsx,2020
PROVENCE-ALPES-COTE D'AZUR,VAR,83137,TOULON,249.0,2165575.0,8717.0,ificom-2021.xlsx,2021
PROVENCE-ALPES-COTE D'AZUR,VAR,83137,TOULON,257.0,2208321.0,8917.0,ificom-2022.xlsx,2022
OCCITANIE,HAUTE-GARONNE,31557,TOURNEFEUILLE,61.0,2213884.0,8848.0,ificom-2019.xls,2019
OCCITANIE,HAUTE-GARONNE,31557,TOURNEFEUILLE,59.0,2135008.0,8366.0,ificom-2020.xlsx,2020
OCCITANIE,HAUTE-GARONNE,31557,TOURNEFEUILLE,66.0,2292439.0,9084.0,ificom-2021.xlsx,2021
OCCITANIE,HAUTE-GARONNE,31557,TOURNEFEUILLE,72.0,2312984.0,9890.0,ificom-2022.xlsx,2022
CENTRE-VAL DE LOIRE,INDRE-ET-LOIRE,37261,TOURS,176.0,2068887.0,7743.0,ificom-2019.xls,2019
CENTRE-VAL DE LOIRE,INDRE-ET-LOIRE,37261,TOURS,181.0,2106683.0,8074.999999999999,ificom-2020.xlsx,2020
CENTRE-VAL DE LOIRE,INDRE-ET-LOIRE,37261,TOURS,203.0,2128313.0,8278.0,ificom-2021.xlsx,2021
CENTRE-VAL DE LOIRE,INDRE-ET-LOIRE,37261,TOURS,232.0,2096669.0,7992.0,ificom-2022.xlsx,2022
GRAND-EST,AUBE,10387,TROYES,52.0,2536332.0,12912.0,ificom-2021.xlsx,2021
GRAND-EST,AUBE,10387,TROYES,54.0,2521151.0,13016.0,ificom-2022.xlsx,2022
AUVERGNE-RHONE-ALPES,DROME,26362,VALENCE,61.0,2458973.0,10270.0,ificom-2019.xls,2019
AUVERGNE-RHONE-ALPES,DROME,26362,VALENCE,61.0,2405157.0,9202.0,ificom-2020.xlsx,2020
AUVERGNE-RHONE-ALPES,DROME,26362,VALENCE,68.0,2460955.0,9773.0,ificom-2021.xlsx,2021
AUVERGNE-RHONE-ALPES,DROME,26362,VALENCE,76.0,2511479.0,10671.0,ificom-2022.xlsx,2022
PROVENCE-ALPES-COTE D'AZUR,ALPES-MARITIMES,06155,VALLAURIS,168.0,2065740.0,7908.0,ificom-2019.xls,2019
PROVENCE-ALPES-COTE D'AZUR,ALPES-MARITIMES,06155,VALLAURIS,164.0,2119382.0,8364.0,ificom-2020.xlsx,2020
PROVENCE-ALPES-COTE D'AZUR,ALPES-MARITIMES,06155,VALLAURIS,157.0,2262527.0,8849.0,ificom-2021.xlsx,2021
PROVENCE-ALPES-COTE D'AZUR,ALPES-MARITIMES,06155,VALLAURIS,161.0,2228119.0,9454.0,ificom-2022.xlsx,2022
BRETAGNE,MORBIHAN,56260,VANNES,145.0,1977304.0,7194.0,ificom-2019.xls,2019
BRETAGNE,MORBIHAN,56260,VANNES,145.0,2038408.0,7929.0,ificom-2020.xlsx,2020
BRETAGNE,MORBIHAN,56260,VANNES,188.0,2021611.0,7677.0,ificom-2021.xlsx,2021
BRETAGNE,MORBIHAN,56260,VANNES,231.0,1986573.0,7523.0,ificom-2022.xlsx,2022
ILE-DE-FRANCE,HAUTS-DE-SEINE,92075,VANVES,149.0,2052514.0,7509.0,ificom-2019.xls,2019
ILE-DE-FRANCE,HAUTS-DE-SEINE,92075,VANVES,148.0,2025535.9999999998,7491.0,ificom-2020.xlsx,2020
ILE-DE-FRANCE,HAUTS-DE-SEINE,92075,VANVES,153.0,2070197.0,7700.0,ificom-2021.xlsx,2021
ILE-DE-FRANCE,HAUTS-DE-SEINE,92075,VANVES,170.0,2124748.0,8415.0,ificom-2022.xlsx,2022
PAYS DE LA LOIRE,LOIRE-ATLANTIQUE,44215,VERTOU,52.0,2028753.0,7761.0,ificom-2019.xls,2019
PAYS DE LA LOIRE,LOIRE-ATLANTIQUE,44215,VERTOU,62.0,2017899.0,7912.0,ificom-2020.xlsx,2020
PAYS DE LA LOIRE,LOIRE-ATLANTIQUE,44215,VERTOU,71.0,2052008.0,7203.0,ificom-2021.xlsx,2021
PAYS DE LA LOIRE,LOIRE-ATLANTIQUE,44215,VERTOU,78.0,2050243.0,7328.0,ificom-2022.xlsx,2022
ILE-DE-FRANCE,VAL-DE-MARNE,94076,VILLEJUIF,54.0,2140874.0,8892.0,ificom-2022.xlsx,2022
ILE-DE-FRANCE,SEINE-SAINT-DENIS,93077,VILLEMOMBLE,55.0,2240805.0,9872.0,ificom-2019.xls,2019
ILE-DE-FRANCE,SEINE-SAINT-DENIS,93077,VILLEMOMBLE,53.0,2384303.0,11006.0,ificom-2020.xlsx,2020
ILE-DE-FRANCE,SEINE-SAINT-DENIS,93077,VILLEMOMBLE,53.0,2305022.0,9791.0,ificom-2021.xlsx,2021
LES-HAUTS-DE-FRANCE,NORD,59009,VILLENEUVE D'ASCQ,103.0,2088373.0,7670.0,ificom-2019.xls,2019
LES-HAUTS-DE-FRANCE,NORD,59009,VILLENEUVE D'ASCQ,109.0,2352335.0,7018.0,ificom-2020.xlsx,2020
LES-HAUTS-DE-FRANCE,NORD,59009,VILLENEUVE D'ASCQ,119.0,1943706.0,5461.0,ificom-2021.xlsx,2021
LES-HAUTS-DE-FRANCE,NORD,59009,VILLENEUVE D'ASCQ,136.0,1969385.0,6135.0,ificom-2022.xlsx,2022
AUVERGNE-RHONE-ALPES,RHONE,69266,VILLEURBANNE,73.0,1972216.0,7135.0,ificom-2019.xls,2019
AUVERGNE-RHONE-ALPES,RHONE,69266,VILLEURBANNE,89.0,2047425.0,7667.0,ificom-2020.xlsx,2020
AUVERGNE-RHONE-ALPES,RHONE,69266,VILLEURBANNE,96.0,2076969.0,7655.0,ificom-2021.xlsx,2021
AUVERGNE-RHONE-ALPES,RHONE,69266,VILLEURBANNE,89.0,2261237.0,9103.0,ificom-2022.xlsx,2022
ILE-DE-FRANCE,VAL-DE-MARNE,94080,VINCENNES,429.0,2120055.0,7908.0,ificom-2019.xls,2019
ILE-DE-FRANCE,VAL-DE-MARNE,94080,VINCENNES,446.0,2155274.0,8278.0,ificom-2020.xlsx,2020
ILE-DE-FRANCE,VAL-DE-MARNE,94080,VINCENNES,470.0,2151686.0,8030.0,ificom-2021.xlsx,2021
ILE-DE-FRANCE,VAL-DE-MARNE,94080,VINCENNES,522.0,2163228.0,8143.0,ificom-2022.xlsx,2022
ILE-DE-FRANCE,VAL-DE-MARNE,94081,VITRY SUR SEINE,56.0,2060675.0,8164.0,ificom-2019.xls,2019
ILE-DE-FRANCE,VAL-DE-MARNE,94081,VITRY SUR SEINE,53.0,2099996.0,8661.0,ificom-2020.xlsx,2020
ILE-DE-FRANCE,VAL-DE-MARNE,94081,VITRY SUR SEINE,51.0,2111767.0,8756.0,ificom-2021.xlsx,2021
ILE-DE-FRANCE,VAL-DE-MARNE,94081,VITRY SUR SEINE,53.0,2147960.0,9237.0,ificom-2022.xlsx,2022
LES-HAUTS-DE-FRANCE,NORD,59646,WASQUEHAL,74.0,2266876.0,9860.0,ificom-2019.xls,2019
LES-HAUTS-DE-FRANCE,NORD,59646,WASQUEHAL,71.0,2124288.0,7591.0,ificom-2020.xlsx,2020
LES-HAUTS-DE-FRANCE,NORD,59646,WASQUEHAL,75.0,2120453.0,7619.0,ificom-2021.xlsx,2021
LES-HAUTS-DE-FRANCE,NORD,59646,WASQUEHAL,87.0,2145642.0,8167.0,ificom-2022.xlsx,2022
